FET Vgs-Id
VG= 80 to -80 in -1 step
/* Append 1 */
VG= 80 to -80 in -1 step
/* Append 2 */
VG= 80 to -80 in -1 step
/* Append 3 */
VG= 80 to -80 in -1 step
/* Append 4 */
VG= 80 to -80 in -1 step
/* Append 5 */
VG= 80 to -80 in -1 step
/* Append 6 */
VG= 80 to -80 in -1 step
/* Append 7 */
VG= 80 to -80 in -1 step
/* Append 8 */
VG= 80 to -80 in -1 step
/* Append 9 */
VG= 80 to -80 in -1 step
/* Append 10 */
VG= 80 to -80 in -1 step
/* Append 11 */
VG= 80 to -80 in -1 step
NO. VG ID
 V A
1 80 -2.8654E-09
2 79 -2.2541E-09
3 78 -1.9579E-09
4 77 -1.6659E-09
5 76 -1.4869E-09
6 75 -1.098E-09
7 74 -1.0071E-09
8 73 -1.0597E-09
9 72 -9.024E-10
10 71 -9.078E-10
11 70 -8.494E-10
12 69 -6.712E-10
13 68 -6.237E-10
14 67 -6.717E-10
15 66 -5.085E-10
16 65 -5.368E-10
17 64 -5.307E-10
18 63 -5.364E-10
19 62 -5.263E-10
20 61 -4.58E-10
21 60 -4.194E-10
22 59 -3.754E-10
23 58 -3.029E-10
24 57 -3.425E-10
25 56 -3.197E-10
26 55 -3.056E-10
27 54 -3.283E-10
28 53 -3.255E-10
29 52 -2.996E-10
30 51 -2.308E-10
31 50 -2.284E-10
32 49 -2.347E-10
33 48 -1.498E-10
34 47 -1.933E-10
35 46 -2.577E-10
36 45 -2.062E-10
37 44 -2.398E-10
38 43 -1.816E-10
39 42 -2.249E-10
40 41 -2.455E-10
41 40 -1.067E-10
42 39 -1.495E-10
43 38 -1.619E-10
44 37 -3.96E-11
45 36 -1.807E-10
46 35 -1.168E-10
47 34 -1.291E-10
48 33 -1.298E-10
49 32 -1.72E-10
50 31 -1.794E-10
51 30 -1.708E-10
52 29 -1.722E-10
53 28 -5.328E-10
54 27 -1.6044E-09
55 26 -4.1011E-09
56 25 -8.8188E-09
57 24 -1.65725E-08
58 23 -2.81343E-08
59 22 -4.38289E-08
60 21 -6.38727E-08
61 20 -8.90307E-08
62 19 -1.18944E-07
63 18 -1.54968E-07
64 17 -1.96586E-07
65 16 -2.43912E-07
66 15 -2.97221E-07
67 14 -3.56563E-07
68 13 -4.22133E-07
69 12 -4.94501E-07
70 11 -5.73269E-07
71 10 -6.59043E-07
72 9 -7.51501E-07
73 8 -8.51651E-07
74 7 -9.5891E-07
75 6 -1.07541E-06
76 5 -1.20965E-06
77 4 -1.35104E-06
78 3 -1.5018E-06
79 2 -1.66147E-06
80 1 -1.83121E-06
81 0 -2.01181E-06
82 -1 -2.20184E-06
83 -2 -2.40263E-06
84 -3 -2.61336E-06
85 -4 -2.83532E-06
86 -5 -3.0669E-06
87 -6 -3.30835E-06
88 -7 -3.56098E-06
89 -8 -3.82228E-06
90 -9 -4.09421E-06
91 -10 -4.37436E-06
92 -11 -4.66347E-06
93 -12 -4.96325E-06
94 -13 -5.27049E-06
95 -14 -5.58863E-06
96 -15 -5.91332E-06
97 -16 -6.24601E-06
98 -17 -6.58933E-06
99 -18 -6.93863E-06
100 -19 -7.29514E-06
101 -20 -7.6615E-06
102 -21 -8.03446E-06
103 -22 -8.41638E-06
104 -23 -8.80439E-06
105 -24 -9.19865E-06
106 -25 -9.60245E-06
107 -26 -1.001186E-05
108 -27 -1.042922E-05
109 -28 -1.08521E-05
110 -29 -1.128193E-05
111 -30 -1.16129E-05
112 -31 -1.20716E-05
113 -32 -1.253E-05
114 -33 -1.29916E-05
115 -34 -1.34587E-05
116 -35 -1.39327E-05
117 -36 -1.4409E-05
118 -37 -1.48916E-05
119 -38 -1.5381E-05
120 -39 -1.58738E-05
121 -40 -1.63756E-05
122 -41 -1.68813E-05
123 -42 -1.73893E-05
124 -43 -1.79022E-05
125 -44 -1.84231E-05
126 -45 -1.89471E-05
127 -46 -1.94795E-05
128 -47 -2.00127E-05
129 -48 -2.05504E-05
130 -49 -2.10964E-05
131 -50 -2.1644E-05
132 -51 -2.21997E-05
133 -52 -2.27561E-05
134 -53 -2.33153E-05
135 -54 -2.38869E-05
136 -55 -2.44558E-05
137 -56 -2.50317E-05
138 -57 -2.561E-05
139 -58 -2.6194E-05
140 -59 -2.6783E-05
141 -60 -2.73689E-05
142 -61 -2.79654E-05
143 -62 -2.85604E-05
144 -63 -2.91668E-05
145 -64 -2.97682E-05
146 -65 -3.03751E-05
147 -66 -3.09911E-05
148 -67 -3.16029E-05
149 -68 -3.22215E-05
150 -69 -3.28411E-05
151 -70 -3.34607E-05
152 -71 -3.40851E-05
153 -72 -3.47092E-05
154 -73 -3.53441E-05
155 -74 -3.5978E-05
156 -75 -3.66044E-05
157 -76 -3.72382E-05
158 -77 -3.78784E-05
159 -78 -3.85173E-05
160 -79 -3.91549E-05
161 -80 -3.97974E-05
162 -80 -3.9525E-05
163 -79 -3.83642E-05
164 -78 -3.72934E-05
165 -77 -3.62818E-05
166 -76 -3.53118E-05
167 -75 -3.43777E-05
168 -74 -3.34753E-05
169 -73 -3.26006E-05
170 -72 -3.17426E-05
171 -71 -3.09148E-05
172 -70 -3.01022E-05
173 -69 -2.93131E-05
174 -68 -2.85386E-05
175 -67 -2.778E-05
176 -66 -2.70392E-05
177 -65 -2.63084E-05
178 -64 -2.55964E-05
179 -63 -2.48988E-05
180 -62 -2.42096E-05
181 -61 -2.35367E-05
182 -60 -2.28738E-05
183 -59 -2.2225E-05
184 -58 -2.1591E-05
185 -57 -2.09616E-05
186 -56 -2.03495E-05
187 -55 -1.97407E-05
188 -54 -1.91479E-05
189 -53 -1.85626E-05
190 -52 -1.79906E-05
191 -51 -1.74276E-05
192 -50 -1.68732E-05
193 -49 -1.63288E-05
194 -48 -1.57932E-05
195 -47 -1.52702E-05
196 -46 -1.47542E-05
197 -45 -1.42476E-05
198 -44 -1.37513E-05
199 -43 -1.32627E-05
200 -42 -1.27846E-05
201 -41 -1.23148E-05
202 -40 -1.18523E-05
203 -39 -1.1398E-05
204 -38 -1.09564E-05
205 -37 -1.05203E-05
206 -36 -1.0095E-05
207 -35 -9.68841E-06
208 -34 -9.31772E-06
209 -33 -8.94468E-06
210 -32 -8.57431E-06
211 -31 -8.1855E-06
212 -30 -7.80153E-06
213 -29 -7.42767E-06
214 -28 -7.06738E-06
215 -27 -6.71588E-06
216 -26 -6.37326E-06
217 -25 -6.0422E-06
218 -24 -5.71912E-06
219 -23 -5.40695E-06
220 -22 -5.10438E-06
221 -21 -4.81102E-06
222 -20 -4.52833E-06
223 -19 -4.25364E-06
224 -18 -3.99024E-06
225 -17 -3.73615E-06
226 -16 -3.49145E-06
227 -15 -3.25747E-06
228 -14 -3.03283E-06
229 -13 -2.81761E-06
230 -12 -2.61273E-06
231 -11 -2.41623E-06
232 -10 -2.23035E-06
233 -9 -2.05355E-06
234 -8 -1.88524E-06
235 -7 -1.72597E-06
236 -6 -1.57508E-06
237 -5 -1.43307E-06
238 -4 -1.29921E-06
239 -3 -1.17307E-06
240 -2 -1.05529E-06
241 -1 -9.4814E-07
242 0 -8.57335E-07
243 1 -7.67992E-07
244 2 -6.83925E-07
245 3 -6.05021E-07
246 4 -5.31121E-07
247 5 -4.6285E-07
248 6 -3.99737E-07
249 7 -3.42255E-07
250 8 -2.90033E-07
251 9 -2.42637E-07
252 10 -2.00581E-07
253 11 -1.63039E-07
254 12 -1.30144E-07
255 13 -1.01731E-07
256 14 -7.77699E-08
257 15 -5.77724E-08
258 16 -4.12379E-08
259 17 -2.821E-08
260 18 -1.81954E-08
261 19 -1.09355E-08
262 20 -6.1586E-09
263 21 -3.141E-09
264 22 -1.5218E-09
265 23 -8.168E-10
266 24 -4.703E-10
267 25 -3.796E-10
268 26 -3.337E-10
269 27 -2.961E-10
270 28 -5.1473E-10
271 29 -3.367E-10
272 30 -2.749E-10
273 31 -3.085E-10
274 32 -4.019E-10
275 33 -3.224E-10
276 34 -3.06E-10
277 35 -3.97E-10
278 36 -3.908E-10
279 37 -3.432E-10
280 38 -3.442E-10
281 39 -4.191E-10
282 40 -3.081E-10
283 41 -2.834E-10
284 42 -2.607E-10
285 43 -3.169E-10
286 44 -2.629E-10
287 45 -2.83E-10
288 46 -3.307E-10
289 47 -3.069E-10
290 48 -3.07E-10
291 49 -3.482E-10
292 50 -4.001E-10
293 51 -4.159E-10
294 52 -3.205E-10
295 53 -2.602E-10
296 54 -2.769E-10
297 55 -2.295E-10
298 56 -2.93E-10
299 57 -2.869E-10
300 58 -3.135E-10
301 59 -3.721E-10
302 60 -4.184E-10
303 61 -3.257E-10
304 62 -3.213E-10
305 63 -3.104E-10
306 64 -3.456E-10
307 65 -2.67E-10
308 66 -2.586E-10
309 67 -3.979E-10
310 68 -3.404E-10
311 69 -3.283E-10
312 70 -3.115E-10
313 71 -3.833E-10
314 72 -3.618E-10
315 73 -3.711E-10
316 74 -3.585E-10
317 75 -3.685E-10
318 76 -3.369E-10
319 77 -4E-10
320 78 -4.068E-10
321 79 -3.788E-10
322 80 -4.401E-10

/* Append 1 */
NO. VG ID
 V A
1 80 -2.2464E-09
2 79 -1.441E-09
3 78 -1.1231E-09
4 77 -8.587E-10
5 76 -6.853E-10
6 75 -7.548E-10
7 74 -5.498E-10
8 73 -6.173E-10
9 72 -5.477E-10
10 71 -5.076E-10
11 70 -4.402E-10
12 69 -4.5E-10
13 68 -4.543E-10
14 67 -3.208E-10
15 66 -2.835E-10
16 65 -4.148E-10
17 64 -2.354E-10
18 63 -3.445E-10
19 62 -3.872E-10
20 61 -2.508E-10
21 60 -2.773E-10
22 59 -3.556E-10
23 58 -3.934E-10
24 57 -2.425E-10
25 56 -1.489E-10
26 55 -2.651E-10
27 54 -2.578E-10
28 53 -1.786E-10
29 52 -2.103E-10
30 51 -2.409E-10
31 50 -2.471E-10
32 49 -2.789E-10
33 48 -3.557E-10
34 47 -1.706E-10
35 46 -1.21E-10
36 45 -1.602E-10
37 44 -1.13E-10
38 43 -1.227E-10
39 42 -2.246E-10
40 41 -1.587E-10
41 40 -1.307E-10
42 39 -2.681E-10
43 38 -2.339E-10
44 37 -1.799E-10
45 36 -1.814E-10
46 35 -1.45E-10
47 34 -1.667E-10
48 33 -4.795E-10
49 32 -1.2676E-09
50 31 -3.3868E-09
51 30 -7.5323E-09
52 29 -1.48413E-08
53 28 -2.58254E-08
54 27 -4.13058E-08
55 26 -6.13494E-08
56 25 -8.65855E-08
57 24 -1.16917E-07
58 23 -1.53703E-07
59 22 -1.96318E-07
60 21 -2.44597E-07
61 20 -2.99491E-07
62 19 -3.60342E-07
63 18 -4.2783E-07
64 17 -5.02355E-07
65 16 -5.8356E-07
66 15 -6.72166E-07
67 14 -7.6736E-07
68 13 -8.70243E-07
69 12 -9.80884E-07
70 11 -1.10086E-06
71 10 -1.23963E-06
72 9 -1.38544E-06
73 8 -1.54071E-06
74 7 -1.70477E-06
75 6 -1.8777E-06
76 5 -2.06153E-06
77 4 -2.25476E-06
78 3 -2.45892E-06
79 2 -2.6731E-06
80 1 -2.89775E-06
81 0 -3.13382E-06
82 -1 -3.37839E-06
83 -2 -3.63358E-06
84 -3 -3.89843E-06
85 -4 -4.17369E-06
86 -5 -4.45777E-06
87 -6 -4.75156E-06
88 -7 -5.05443E-06
89 -8 -5.36623E-06
90 -9 -5.68751E-06
91 -10 -6.01552E-06
92 -11 -6.3517E-06
93 -12 -6.69852E-06
94 -13 -7.05086E-06
95 -14 -7.41267E-06
96 -15 -7.78153E-06
97 -16 -8.15852E-06
98 -17 -8.5423E-06
99 -18 -8.93305E-06
100 -19 -9.33118E-06
101 -20 -9.73846E-06
102 -21 -1.015002E-05
103 -22 -1.057133E-05
104 -23 -1.099683E-05
105 -24 -1.14148E-05
106 -25 -1.186E-05
107 -26 -1.23059E-05
108 -27 -1.27616E-05
109 -28 -1.32206E-05
110 -29 -1.36851E-05
111 -30 -1.41591E-05
112 -31 -1.46368E-05
113 -32 -1.51227E-05
114 -33 -1.56117E-05
115 -34 -1.61063E-05
116 -35 -1.66088E-05
117 -36 -1.71129E-05
118 -37 -1.76221E-05
119 -38 -1.81394E-05
120 -39 -1.86586E-05
121 -40 -1.91858E-05
122 -41 -1.97203E-05
123 -42 -2.02546E-05
124 -43 -2.07924E-05
125 -44 -2.13392E-05
126 -45 -2.18887E-05
127 -46 -2.24438E-05
128 -47 -2.30008E-05
129 -48 -2.35619E-05
130 -49 -2.41289E-05
131 -50 -2.46965E-05
132 -51 -2.52718E-05
133 -52 -2.58476E-05
134 -53 -2.64263E-05
135 -54 -2.70129E-05
136 -55 -2.75987E-05
137 -56 -2.81909E-05
138 -57 -2.87828E-05
139 -58 -2.93804E-05
140 -59 -2.99786E-05
141 -60 -3.05794E-05
142 -61 -3.11867E-05
143 -62 -3.17942E-05
144 -63 -3.24027E-05
145 -64 -3.30106E-05
146 -65 -3.36211E-05
147 -66 -3.42386E-05
148 -67 -3.48514E-05
149 -68 -3.54717E-05
150 -69 -3.6088E-05
151 -70 -3.67078E-05
152 -71 -3.73336E-05
153 -72 -3.7952E-05
154 -73 -3.85795E-05
155 -74 -3.92028E-05
156 -75 -3.98273E-05
157 -76 -4.0454E-05
158 -77 -4.10755E-05
159 -78 -4.17037E-05
160 -79 -4.23265E-05
161 -80 -4.29538E-05
162 -80 -4.2634E-05
163 -79 -4.13921E-05
164 -78 -4.02538E-05
165 -77 -3.91738E-05
166 -76 -3.81451E-05
167 -75 -3.71547E-05
168 -74 -3.62009E-05
169 -73 -3.52746E-05
170 -72 -3.43738E-05
171 -71 -3.35034E-05
172 -70 -3.26487E-05
173 -69 -3.18139E-05
174 -68 -3.10039E-05
175 -67 -3.02042E-05
176 -66 -2.94245E-05
177 -65 -2.86568E-05
178 -64 -2.79102E-05
179 -63 -2.71772E-05
180 -62 -2.64522E-05
181 -61 -2.57473E-05
182 -60 -2.50494E-05
183 -59 -2.43682E-05
184 -58 -2.37015E-05
185 -57 -2.30418E-05
186 -56 -2.23935E-05
187 -55 -2.17572E-05
188 -54 -2.1133E-05
189 -53 -2.05176E-05
190 -52 -1.99136E-05
191 -51 -1.9322E-05
192 -50 -1.8736E-05
193 -49 -1.81649E-05
194 -48 -1.75998E-05
195 -47 -1.70471E-05
196 -46 -1.65033E-05
197 -45 -1.59675E-05
198 -44 -1.54423E-05
199 -43 -1.49254E-05
200 -42 -1.44183E-05
201 -41 -1.39207E-05
202 -40 -1.34314E-05
203 -39 -1.295E-05
204 -38 -1.24802E-05
205 -37 -1.20165E-05
206 -36 -1.15648E-05
207 -35 -1.11222E-05
208 -34 -1.06842E-05
209 -33 -1.02588E-05
210 -32 -9.8509E-06
211 -31 -9.48256E-06
212 -30 -9.11119E-06
213 -29 -8.74017E-06
214 -28 -8.3746E-06
215 -27 -7.98276E-06
216 -26 -7.60431E-06
217 -25 -7.23898E-06
218 -24 -6.88265E-06
219 -23 -6.53725E-06
220 -22 -6.20213E-06
221 -21 -5.87552E-06
222 -20 -5.5606E-06
223 -19 -5.25407E-06
224 -18 -4.95805E-06
225 -17 -4.67179E-06
226 -16 -4.39415E-06
227 -15 -4.12702E-06
228 -14 -3.8703E-06
229 -13 -3.62111E-06
230 -12 -3.38318E-06
231 -11 -3.15409E-06
232 -10 -2.93554E-06
233 -9 -2.72561E-06
234 -8 -2.52491E-06
235 -7 -2.33409E-06
236 -6 -2.15184E-06
237 -5 -1.9789E-06
238 -4 -1.81483E-06
239 -3 -1.65882E-06
240 -2 -1.51188E-06
241 -1 -1.37308E-06
242 0 -1.24267E-06
243 1 -1.11981E-06
244 2 -1.008688E-06
245 3 -9.14763E-07
246 4 -8.22239E-07
247 5 -7.34672E-07
248 6 -6.51838E-07
249 7 -5.74826E-07
250 8 -5.03056E-07
251 9 -4.36571E-07
252 10 -3.75765E-07
253 11 -3.20017E-07
254 12 -2.69782E-07
255 13 -2.24369E-07
256 14 -1.84263E-07
257 15 -1.48642E-07
258 16 -1.1755E-07
259 17 -9.11386E-08
260 18 -6.86943E-08
261 19 -5.00595E-08
262 20 -3.50783E-08
263 21 -2.34565E-08
264 22 -1.46247E-08
265 23 -8.4361E-09
266 24 -4.5827E-09
267 25 -2.2314E-09
268 26 -9.922E-10
269 27 -5.61E-10
270 28 -4.216E-10
271 29 -3.154E-10
272 30 -3.724E-10
273 31 -3.842E-10
274 32 -4.237E-10
275 33 -3.555E-10
276 34 -3.588E-10
277 35 -3.574E-10
278 36 -3.138E-10
279 37 -3.512E-10
280 38 -3.895E-10
281 39 -2.579E-10
282 40 -2.744E-10
283 41 -3.522E-10
284 42 -3.486E-10
285 43 -3.068E-10
286 44 -4.178E-10
287 45 -3.585E-10
288 46 -3.273E-10
289 47 -3.796E-10
290 48 -3.127E-10
291 49 -3.01E-10
292 50 -2.663E-10
293 51 -2.214E-10
294 52 -3.448E-10
295 53 -3.555E-10
296 54 -2.499E-10
297 55 -3.039E-10
298 56 -3.931E-10
299 57 -4.361E-10
300 58 -3.997E-10
301 59 -3.784E-10
302 60 -4.955E-10
303 61 -4.209E-10
304 62 -4.044E-10
305 63 -2.269E-10
306 64 -3.836E-10
307 65 -3.408E-10
308 66 -2.715E-10
309 67 -4.016E-10
310 68 -4.24E-10
311 69 -4.168E-10
312 70 -4.678E-10
313 71 -3.962E-10
314 72 -2.625E-10
315 73 -3.149E-10
316 74 -3.284E-10
317 75 -3.525E-10
318 76 -2.847E-10
319 77 -3.016E-10
320 78 -4.026E-10
321 79 -3.599E-10
322 80 -3.767E-10

/* Append 2 */
NO. VG ID
 V A
1 80 -2.0695E-09
2 79 -1.1871E-09
3 78 -9.043E-10
4 77 -8.139E-10
5 76 -6.894E-10
6 75 -6.993E-10
7 74 -4.506E-10
8 73 -3.379E-10
9 72 -4.143E-10
10 71 -3.563E-10
11 70 -3.557E-10
12 69 -3.504E-10
13 68 -4.028E-10
14 67 -4.652E-10
15 66 -3.732E-10
16 65 -4.635E-10
17 64 -4.495E-10
18 63 -2.342E-10
19 62 -2.612E-10
20 61 -2.608E-10
21 60 -1.673E-10
22 59 -2.268E-10
23 58 -2.008E-10
24 57 -3.201E-10
25 56 -1.466E-10
26 55 -3.213E-10
27 54 -3.498E-10
28 53 -1.964E-10
29 52 -2.22E-10
30 51 -3.121E-10
31 50 -9.77E-11
32 49 -1.375E-10
33 48 -1.903E-10
34 47 -2.21E-10
35 46 -1.922E-10
36 45 -2.528E-10
37 44 -2.626E-10
38 43 -1.938E-10
39 42 -1.201E-10
40 41 -2.817E-10
41 40 -2.514E-10
42 39 -5.35E-11
43 38 -1.304E-10
44 37 -3.428E-10
45 36 -7.371E-10
46 35 -1.8017E-09
47 34 -4.513E-09
48 33 -9.5914E-09
49 32 -1.80251E-08
50 31 -3.06421E-08
51 30 -4.76283E-08
52 29 -6.97197E-08
53 28 -9.69687E-08
54 27 -1.29835E-07
55 26 -1.69125E-07
56 25 -2.13986E-07
57 24 -2.65486E-07
58 23 -3.23078E-07
59 22 -3.874E-07
60 21 -4.58273E-07
61 20 -5.36311E-07
62 19 -6.21154E-07
63 18 -7.12959E-07
64 17 -8.12933E-07
65 16 -9.19796E-07
66 15 -1.03683E-06
67 14 -1.17166E-06
68 13 -1.31407E-06
69 12 -1.46597E-06
70 11 -1.62628E-06
71 10 -1.79678E-06
72 9 -1.97606E-06
73 8 -2.166E-06
74 7 -2.36568E-06
75 6 -2.57515E-06
76 5 -2.79626E-06
77 4 -3.02614E-06
78 3 -3.26799E-06
79 2 -3.5182E-06
80 1 -3.77863E-06
81 0 -4.04978E-06
82 -1 -4.32856E-06
83 -2 -4.61725E-06
84 -3 -4.91451E-06
85 -4 -5.22231E-06
86 -5 -5.53742E-06
87 -6 -5.86124E-06
88 -7 -6.19458E-06
89 -8 -6.53553E-06
90 -9 -6.88467E-06
91 -10 -7.24055E-06
92 -11 -7.60302E-06
93 -12 -7.97587E-06
94 -13 -8.35486E-06
95 -14 -8.74352E-06
96 -15 -9.13753E-06
97 -16 -9.53769E-06
98 -17 -9.94746E-06
99 -18 -1.036168E-05
100 -19 -1.078278E-05
101 -20 -1.121276E-05
102 -21 -1.15306E-05
103 -22 -1.19916E-05
104 -23 -1.24478E-05
105 -24 -1.29084E-05
106 -25 -1.33775E-05
107 -26 -1.38479E-05
108 -27 -1.4327E-05
109 -28 -1.48097E-05
110 -29 -1.52959E-05
111 -30 -1.57906E-05
112 -31 -1.62889E-05
113 -32 -1.67948E-05
114 -33 -1.73024E-05
115 -34 -1.78157E-05
116 -35 -1.83345E-05
117 -36 -1.88588E-05
118 -37 -1.93868E-05
119 -38 -1.99203E-05
120 -39 -2.04566E-05
121 -40 -2.09999E-05
122 -41 -2.15469E-05
123 -42 -2.20949E-05
124 -43 -2.26486E-05
125 -44 -2.32098E-05
126 -45 -2.37716E-05
127 -46 -2.43392E-05
128 -47 -2.49076E-05
129 -48 -2.54804E-05
130 -49 -2.60599E-05
131 -50 -2.66394E-05
132 -51 -2.72231E-05
133 -52 -2.78106E-05
134 -53 -2.83984E-05
135 -54 -2.89893E-05
136 -55 -2.95845E-05
137 -56 -3.01844E-05
138 -57 -3.07837E-05
139 -58 -3.1388E-05
140 -59 -3.19901E-05
141 -60 -3.25936E-05
142 -61 -3.32035E-05
143 -62 -3.38104E-05
144 -63 -3.44257E-05
145 -64 -3.5037E-05
146 -65 -3.56499E-05
147 -66 -3.62683E-05
148 -67 -3.68836E-05
149 -68 -3.74959E-05
150 -69 -3.81165E-05
151 -70 -3.87337E-05
152 -71 -3.93508E-05
153 -72 -3.99691E-05
154 -73 -4.05833E-05
155 -74 -4.12003E-05
156 -75 -4.182E-05
157 -76 -4.2442E-05
158 -77 -4.3058E-05
159 -78 -4.3677E-05
160 -79 -4.42869E-05
161 -80 -4.49074E-05
162 -80 -4.45532E-05
163 -79 -4.32669E-05
164 -78 -4.20895E-05
165 -77 -4.09747E-05
166 -76 -3.99121E-05
167 -75 -3.88926E-05
168 -74 -3.79062E-05
169 -73 -3.69541E-05
170 -72 -3.60311E-05
171 -71 -3.51318E-05
172 -70 -3.42502E-05
173 -69 -3.33935E-05
174 -68 -3.25579E-05
175 -67 -3.17356E-05
176 -66 -3.09346E-05
177 -65 -3.01487E-05
178 -64 -2.93763E-05
179 -63 -2.86216E-05
180 -62 -2.788E-05
181 -61 -2.71558E-05
182 -60 -2.64373E-05
183 -59 -2.57376E-05
184 -58 -2.50475E-05
185 -57 -2.43688E-05
186 -56 -2.37029E-05
187 -55 -2.30475E-05
188 -54 -2.24056E-05
189 -53 -2.17703E-05
190 -52 -2.11504E-05
191 -51 -2.05371E-05
192 -50 -1.9936E-05
193 -49 -1.93448E-05
194 -48 -1.87632E-05
195 -47 -1.81929E-05
196 -46 -1.76322E-05
197 -45 -1.70762E-05
198 -44 -1.6535E-05
199 -43 -1.60007E-05
200 -42 -1.5478E-05
201 -41 -1.49643E-05
202 -40 -1.4457E-05
203 -39 -1.39585E-05
204 -38 -1.3472E-05
205 -37 -1.29905E-05
206 -36 -1.25214E-05
207 -35 -1.20602E-05
208 -34 -1.16081E-05
209 -33 -1.11661E-05
210 -32 -1.07314E-05
211 -31 -1.03055E-05
212 -30 -9.90002E-06
213 -29 -9.53417E-06
214 -28 -9.16408E-06
215 -27 -8.79718E-06
216 -26 -8.43171E-06
217 -25 -8.03888E-06
218 -24 -7.66001E-06
219 -23 -7.29532E-06
220 -22 -6.94018E-06
221 -21 -6.59338E-06
222 -20 -6.2583E-06
223 -19 -5.93182E-06
224 -18 -5.61589E-06
225 -17 -5.30976E-06
226 -16 -5.01273E-06
227 -15 -4.72565E-06
228 -14 -4.44815E-06
229 -13 -4.17959E-06
230 -12 -3.92122E-06
231 -11 -3.67233E-06
232 -10 -3.43342E-06
233 -9 -3.20434E-06
234 -8 -2.98312E-06
235 -7 -2.77248E-06
236 -6 -2.57045E-06
237 -5 -2.37805E-06
238 -4 -2.19487E-06
239 -3 -2.0193E-06
240 -2 -1.85348E-06
241 -1 -1.69626E-06
242 0 -1.54768E-06
243 1 -1.40663E-06
244 2 -1.27445E-06
245 3 -1.15011E-06
246 4 -1.03332E-06
247 5 -9.28228E-07
248 6 -8.39174E-07
249 7 -7.52897E-07
250 8 -6.70564E-07
251 9 -5.92987E-07
252 10 -5.20717E-07
253 11 -4.53625E-07
254 12 -3.91798E-07
255 13 -3.35315E-07
256 14 -2.83937E-07
257 15 -2.37627E-07
258 16 -1.96102E-07
259 17 -1.59378E-07
260 18 -1.27166E-07
261 19 -9.9341E-08
262 20 -7.59463E-08
263 21 -5.62052E-08
264 22 -4.01742E-08
265 23 -2.7359E-08
266 24 -1.77513E-08
267 25 -1.0669E-08
268 26 -5.9403E-09
269 27 -2.9762E-09
270 28 -1.3932E-09
271 29 -7.746E-10
272 30 -4.333E-10
273 31 -3.194E-10
274 32 -4.432E-10
275 33 -4.33E-10
276 34 -4.032E-10
277 35 -4.06E-10
278 36 -4.295E-10
279 37 -4.287E-10
280 38 -3.931E-10
281 39 -3.102E-10
282 40 -3.854E-10
283 41 -4.203E-10
284 42 -2.569E-10
285 43 -3.105E-10
286 44 -4.194E-10
287 45 -3.346E-10
288 46 -3.471E-10
289 47 -4.428E-10
290 48 -3.829E-10
291 49 -4.381E-10
292 50 -3.454E-10
293 51 -3.078E-10
294 52 -3.937E-10
295 53 -2.855E-10
296 54 -2.88E-10
297 55 -3.319E-10
298 56 -3.05E-10
299 57 -3.499E-10
300 58 -4.363E-10
301 59 -3.659E-10
302 60 -3.531E-10
303 61 -4.157E-10
304 62 -3.854E-10
305 63 -2.571E-10
306 64 -3.001E-10
307 65 -3.161E-10
308 66 -2.715E-10
309 67 -2.282E-10
310 68 -3.695E-10
311 69 -3.811E-10
312 70 -3.201E-10
313 71 -3.343E-10
314 72 -2.859E-10
315 73 -2.965E-10
316 74 -2.699E-10
317 75 -2.284E-10
318 76 -3.878E-10
319 77 -2.791E-10
320 78 -2.303E-10
321 79 -3.035E-10
322 80 -3.858E-10

/* Append 3 */
NO. VG ID
 V A
1 80 -1.9063E-09
2 79 -1.1528E-09
3 78 -8.069E-10
4 77 -6.437E-10
5 76 -6.093E-10
6 75 -5.371E-10
7 74 -4.164E-10
8 73 -3.848E-10
9 72 -2.937E-10
10 71 -2.585E-10
11 70 -2.935E-10
12 69 -1.753E-10
13 68 -2.87E-10
14 67 -2.598E-10
15 66 -1.864E-10
16 65 -2.88E-10
17 64 -2.303E-10
18 63 -2.776E-10
19 62 -2.251E-10
20 61 -2.24E-10
21 60 -1.52E-10
22 59 -1.119E-10
23 58 -1.514E-10
24 57 -6.24E-11
25 56 -2.808E-10
26 55 -1.491E-10
27 54 -1.304E-10
28 53 -2.833E-10
29 52 -1.182E-10
30 51 -5.73E-11
31 50 -8.25E-11
32 49 -8.01E-11
33 48 -1.481E-10
34 47 -1.17E-11
35 46 -8.65E-11
36 45 -1.53E-10
37 44 -1.212E-10
38 43 -1.55E-10
39 42 -1.805E-10
40 41 -7.85E-11
41 40 -8.47E-11
42 39 -2.924E-10
43 38 -7.072E-10
44 37 -2.1817E-09
45 36 -5.2844E-09
46 35 -1.11953E-08
47 34 -2.06862E-08
48 33 -3.42963E-08
49 32 -5.23472E-08
50 31 -7.56336E-08
51 30 -1.04337E-07
52 29 -1.39115E-07
53 28 -1.79521E-07
54 27 -2.26235E-07
55 26 -2.79029E-07
56 25 -3.38074E-07
57 24 -4.04254E-07
58 23 -4.76801E-07
59 22 -5.56666E-07
60 21 -6.43526E-07
61 20 -7.3797E-07
62 19 -8.39678E-07
63 18 -9.48949E-07
64 17 -1.06865E-06
65 16 -1.20636E-06
66 15 -1.35277E-06
67 14 -1.50705E-06
68 13 -1.67073E-06
69 12 -1.84467E-06
70 11 -2.02763E-06
71 10 -2.22141E-06
72 9 -2.42445E-06
73 8 -2.63849E-06
74 7 -2.86212E-06
75 6 -3.0959E-06
76 5 -3.34058E-06
77 4 -3.59436E-06
78 3 -3.85936E-06
79 2 -4.1327E-06
80 1 -4.41525E-06
81 0 -4.70762E-06
82 -1 -5.00731E-06
83 -2 -5.3169E-06
84 -3 -5.63457E-06
85 -4 -5.96259E-06
86 -5 -6.2969E-06
87 -6 -6.63998E-06
88 -7 -6.99189E-06
89 -8 -7.35076E-06
90 -9 -7.71865E-06
91 -10 -8.09327E-06
92 -11 -8.47406E-06
93 -12 -8.8648E-06
94 -13 -9.26051E-06
95 -14 -9.66726E-06
96 -15 -1.007739E-05
97 -16 -1.049509E-05
98 -17 -1.0921E-05
99 -18 -1.135082E-05
100 -19 -1.16709E-05
101 -20 -1.21342E-05
102 -21 -1.25938E-05
103 -22 -1.30582E-05
104 -23 -1.3527E-05
105 -24 -1.40019E-05
106 -25 -1.4481E-05
107 -26 -1.49661E-05
108 -27 -1.54576E-05
109 -28 -1.59544E-05
110 -29 -1.64527E-05
111 -30 -1.69627E-05
112 -31 -1.74729E-05
113 -32 -1.79916E-05
114 -33 -1.85125E-05
115 -34 -1.90378E-05
116 -35 -1.95707E-05
117 -36 -2.0105E-05
118 -37 -2.06438E-05
119 -38 -2.11889E-05
120 -39 -2.17349E-05
121 -40 -2.22917E-05
122 -41 -2.28497E-05
123 -42 -2.34103E-05
124 -43 -2.39733E-05
125 -44 -2.4541E-05
126 -45 -2.51158E-05
127 -46 -2.56907E-05
128 -47 -2.62691E-05
129 -48 -2.6851E-05
130 -49 -2.74338E-05
131 -50 -2.80192E-05
132 -51 -2.86094E-05
133 -52 -2.92044E-05
134 -53 -2.97992E-05
135 -54 -3.03991E-05
136 -55 -3.09985E-05
137 -56 -3.16034E-05
138 -57 -3.22071E-05
139 -58 -3.28137E-05
140 -59 -3.34181E-05
141 -60 -3.40259E-05
142 -61 -3.4639E-05
143 -62 -3.525E-05
144 -63 -3.58653E-05
145 -64 -3.64752E-05
146 -65 -3.70877E-05
147 -66 -3.77086E-05
148 -67 -3.83192E-05
149 -68 -3.89376E-05
150 -69 -3.95556E-05
151 -70 -4.01691E-05
152 -71 -4.07862E-05
153 -72 -4.14033E-05
154 -73 -4.20176E-05
155 -74 -4.26239E-05
156 -75 -4.32437E-05
157 -76 -4.38556E-05
158 -77 -4.44717E-05
159 -78 -4.50869E-05
160 -79 -4.56927E-05
161 -80 -4.6302E-05
162 -80 -4.59348E-05
163 -79 -4.46165E-05
164 -78 -4.34071E-05
165 -77 -4.22665E-05
166 -76 -4.11884E-05
167 -75 -4.01417E-05
168 -74 -3.9141E-05
169 -73 -3.8174E-05
170 -72 -3.72263E-05
171 -71 -3.63102E-05
172 -70 -3.54136E-05
173 -69 -3.45419E-05
174 -68 -3.36877E-05
175 -67 -3.28538E-05
176 -66 -3.20395E-05
177 -65 -3.12373E-05
178 -64 -3.04514E-05
179 -63 -2.96834E-05
180 -62 -2.89261E-05
181 -61 -2.81863E-05
182 -60 -2.74571E-05
183 -59 -2.67427E-05
184 -58 -2.60417E-05
185 -57 -2.53485E-05
186 -56 -2.4672E-05
187 -55 -2.40035E-05
188 -54 -2.33465E-05
189 -53 -2.27007E-05
190 -52 -2.20656E-05
191 -51 -2.14423E-05
192 -50 -2.08275E-05
193 -49 -2.02237E-05
194 -48 -1.96297E-05
195 -47 -1.90455E-05
196 -46 -1.84727E-05
197 -45 -1.79066E-05
198 -44 -1.73513E-05
199 -43 -1.68046E-05
200 -42 -1.62694E-05
201 -41 -1.57425E-05
202 -40 -1.52214E-05
203 -39 -1.47113E-05
204 -38 -1.42121E-05
205 -37 -1.37202E-05
206 -36 -1.32384E-05
207 -35 -1.27659E-05
208 -34 -1.23005E-05
209 -33 -1.18453E-05
210 -32 -1.13995E-05
211 -31 -1.09595E-05
212 -30 -1.05316E-05
213 -29 -1.01102E-05
214 -28 -9.70951E-06
215 -27 -9.35073E-06
216 -26 -8.98635E-06
217 -25 -8.62392E-06
218 -24 -8.26435E-06
219 -23 -7.87696E-06
220 -22 -7.50515E-06
221 -21 -7.14267E-06
222 -20 -6.79269E-06
223 -19 -6.45177E-06
224 -18 -6.12163E-06
225 -17 -5.80145E-06
226 -16 -5.49021E-06
227 -15 -5.18866E-06
228 -14 -4.89668E-06
229 -13 -4.6133E-06
230 -12 -4.34067E-06
231 -11 -4.07654E-06
232 -10 -3.8232E-06
233 -9 -3.5789E-06
234 -8 -3.34399E-06
235 -7 -3.11842E-06
236 -6 -2.90195E-06
237 -5 -2.69571E-06
238 -4 -2.49813E-06
239 -3 -2.3089E-06
240 -2 -2.12942E-06
241 -1 -1.95849E-06
242 0 -1.79607E-06
243 1 -1.64141E-06
244 2 -1.49588E-06
245 3 -1.35863E-06
246 4 -1.22912E-06
247 5 -1.10783E-06
248 6 -9.97739E-07
249 7 -9.06235E-07
250 8 -8.1588E-07
251 9 -7.29673E-07
252 10 -6.4849E-07
253 11 -5.72343E-07
254 12 -5.01762E-07
255 13 -4.36116E-07
256 14 -3.75895E-07
257 15 -3.21023E-07
258 16 -2.71062E-07
259 17 -2.26327E-07
260 18 -1.86173E-07
261 19 -1.51021E-07
262 20 -1.20118E-07
263 21 -9.3423E-08
264 22 -7.11293E-08
265 23 -5.23623E-08
266 24 -3.71354E-08
267 25 -2.50762E-08
268 26 -1.61368E-08
269 27 -9.5179E-09
270 28 -5.1373E-09
271 29 -2.6716E-09
272 30 -1.2719E-09
273 31 -6.615E-10
274 32 -4.253E-10
275 33 -3.571E-10
276 34 -3.581E-10
277 35 -2.618E-10
278 36 -2.883E-10
279 37 -2.301E-10
280 38 -2.402E-10
281 39 -3.423E-10
282 40 -2.331E-10
283 41 -2.848E-10
284 42 -3.004E-10
285 43 -2.831E-10
286 44 -2.702E-10
287 45 -2.887E-10
288 46 -2.411E-10
289 47 -2.514E-10
290 48 -2.043E-10
291 49 -2.952E-10
292 50 -2.351E-10
293 51 -1.669E-10
294 52 -2.915E-10
295 53 -2.72E-10
296 54 -3.41E-10
297 55 -2.369E-10
298 56 -2.749E-10
299 57 -3.508E-10
300 58 -2.955E-10
301 59 -2.73E-10
302 60 -1.787E-10
303 61 -3.068E-10
304 62 -2.763E-10
305 63 -2.267E-10
306 64 -2.724E-10
307 65 -3.121E-10
308 66 -3.171E-10
309 67 -2.885E-10
310 68 -3.25E-10
311 69 -3.565E-10
312 70 -3.334E-10
313 71 -2.508E-10
314 72 -2.617E-10
315 73 -3.368E-10
316 74 -2.888E-10
317 75 -1.672E-10
318 76 -2.991E-10
319 77 -4.091E-10
320 78 -3.729E-10
321 79 -3.339E-10
322 80 -3.721E-10

/* Append 4 */
NO. VG ID
 V A
1 80 -2.0458E-09
2 79 -1.152E-09
3 78 -8.192E-10
4 77 -7.289E-10
5 76 -6.206E-10
6 75 -4.766E-10
7 74 -5.738E-10
8 73 -4.489E-10
9 72 -3.73E-10
10 71 -4.21E-10
11 70 -3.039E-10
12 69 -1.788E-10
13 68 -3.219E-10
14 67 -2.859E-10
15 66 -2.503E-10
16 65 -8.987E-11
17 64 -2.569E-10
18 63 -2.824E-10
19 62 -2.961E-10
20 61 -1.707E-10
21 60 -2.749E-10
22 59 -2.935E-10
23 58 -4.1679E-10
24 57 -4.392E-10
25 56 -3.421E-10
26 55 -1.387E-10
27 54 -2.184E-10
28 53 -2.473E-10
29 52 -2.216E-10
30 51 -2.199E-10
31 50 -2.784E-10
32 49 -2.559E-10
33 48 -2.136E-10
34 47 -2.479E-10
35 46 -1.795E-10
36 45 -1.936E-10
37 44 -5.61E-11
38 43 -2.258E-10
39 42 -2.693E-10
40 41 -2.323E-10
41 40 -5.789E-10
42 39 -1.5029E-09
43 38 -3.7883E-09
44 37 -8.2817E-09
45 36 -1.59872E-08
46 35 -2.74031E-08
47 34 -4.34139E-08
48 33 -6.40364E-08
49 32 -8.98738E-08
50 31 -1.21362E-07
51 30 -1.58971E-07
52 29 -2.02527E-07
53 28 -2.52136E-07
54 27 -3.08347E-07
55 26 -3.70906E-07
56 25 -4.40317E-07
57 24 -5.16876E-07
58 23 -6.00423E-07
59 22 -6.914E-07
60 21 -7.8972E-07
61 20 -8.96193E-07
62 19 -1.01179E-06
63 18 -1.14539E-06
64 17 -1.28751E-06
65 16 -1.43818E-06
66 15 -1.59856E-06
67 14 -1.76759E-06
68 13 -1.94636E-06
69 12 -2.13593E-06
70 11 -2.33459E-06
71 10 -2.54398E-06
72 9 -2.76292E-06
73 8 -2.99332E-06
74 7 -3.23325E-06
75 6 -3.4827E-06
76 5 -3.74343E-06
77 4 -4.01223E-06
78 3 -4.29178E-06
79 2 -4.57928E-06
80 1 -4.87641E-06
81 0 -5.18364E-06
82 -1 -5.49641E-06
83 -2 -5.81972E-06
84 -3 -6.15077E-06
85 -4 -6.49201E-06
86 -5 -6.83963E-06
87 -6 -7.19524E-06
88 -7 -7.56004E-06
89 -8 -7.93206E-06
90 -9 -8.31243E-06
91 -10 -8.6986E-06
92 -11 -9.09269E-06
93 -12 -9.49641E-06
94 -13 -9.90486E-06
95 -14 -1.032224E-05
96 -15 -1.074444E-05
97 -16 -1.11743E-05
98 -17 -1.14977E-05
99 -18 -1.19578E-05
100 -19 -1.24166E-05
101 -20 -1.28806E-05
102 -21 -1.33484E-05
103 -22 -1.38238E-05
104 -23 -1.43032E-05
105 -24 -1.47879E-05
106 -25 -1.52788E-05
107 -26 -1.57742E-05
108 -27 -1.62771E-05
109 -28 -1.67831E-05
110 -29 -1.72935E-05
111 -30 -1.78106E-05
112 -31 -1.83309E-05
113 -32 -1.88592E-05
114 -33 -1.93887E-05
115 -34 -1.9924E-05
116 -35 -2.04653E-05
117 -36 -2.1008E-05
118 -37 -2.15558E-05
119 -38 -2.21118E-05
120 -39 -2.26665E-05
121 -40 -2.32314E-05
122 -41 -2.37982E-05
123 -42 -2.43661E-05
124 -43 -2.4938E-05
125 -44 -2.55181E-05
126 -45 -2.60937E-05
127 -46 -2.66769E-05
128 -47 -2.72631E-05
129 -48 -2.78488E-05
130 -49 -2.84422E-05
131 -50 -2.90351E-05
132 -51 -2.96349E-05
133 -52 -3.02323E-05
134 -53 -3.08298E-05
135 -54 -3.14331E-05
136 -55 -3.204E-05
137 -56 -3.26493E-05
138 -57 -3.32539E-05
139 -58 -3.3866E-05
140 -59 -3.44797E-05
141 -60 -3.50851E-05
142 -61 -3.56998E-05
143 -62 -3.63119E-05
144 -63 -3.69304E-05
145 -64 -3.75464E-05
146 -65 -3.81576E-05
147 -66 -3.87724E-05
148 -67 -3.93915E-05
149 -68 -4.00141E-05
150 -69 -4.06259E-05
151 -70 -4.12425E-05
152 -71 -4.18597E-05
153 -72 -4.24723E-05
154 -73 -4.30898E-05
155 -74 -4.37017E-05
156 -75 -4.43081E-05
157 -76 -4.49224E-05
158 -77 -4.55338E-05
159 -78 -4.61428E-05
160 -79 -4.67469E-05
161 -80 -4.73535E-05
162 -80 -4.69703E-05
163 -79 -4.56301E-05
164 -78 -4.44025E-05
165 -77 -4.32502E-05
166 -76 -4.21535E-05
167 -75 -4.10962E-05
168 -74 -4.0079E-05
169 -73 -3.90959E-05
170 -72 -3.81387E-05
171 -71 -3.72102E-05
172 -70 -3.62972E-05
173 -69 -3.54138E-05
174 -68 -3.45492E-05
175 -67 -3.3705E-05
176 -66 -3.28776E-05
177 -65 -3.20631E-05
178 -64 -3.12693E-05
179 -63 -3.04914E-05
180 -62 -2.97227E-05
181 -61 -2.89715E-05
182 -60 -2.8232E-05
183 -59 -2.7507E-05
184 -58 -2.67967E-05
185 -57 -2.6093E-05
186 -56 -2.54066E-05
187 -55 -2.47279E-05
188 -54 -2.40613E-05
189 -53 -2.34052E-05
190 -52 -2.27624E-05
191 -51 -2.21318E-05
192 -50 -2.15067E-05
193 -49 -2.08941E-05
194 -48 -2.02905E-05
195 -47 -1.96973E-05
196 -46 -1.91153E-05
197 -45 -1.854E-05
198 -44 -1.79761E-05
199 -43 -1.74203E-05
200 -42 -1.6876E-05
201 -41 -1.63392E-05
202 -40 -1.58112E-05
203 -39 -1.52908E-05
204 -38 -1.47826E-05
205 -37 -1.42816E-05
206 -36 -1.37901E-05
207 -35 -1.33092E-05
208 -34 -1.28344E-05
209 -33 -1.23708E-05
210 -32 -1.19158E-05
211 -31 -1.14666E-05
212 -30 -1.10284E-05
213 -29 -1.05971E-05
214 -28 -1.01774E-05
215 -27 -9.77654E-06
216 -26 -9.41692E-06
217 -25 -9.05292E-06
218 -24 -8.69047E-06
219 -23 -8.33172E-06
220 -22 -7.94343E-06
221 -21 -7.56812E-06
222 -20 -7.20678E-06
223 -19 -6.8543E-06
224 -18 -6.51435E-06
225 -17 -6.18312E-06
226 -16 -5.8605E-06
227 -15 -5.54862E-06
228 -14 -5.2462E-06
229 -13 -4.95288E-06
230 -12 -4.66968E-06
231 -11 -4.3948E-06
232 -10 -4.13097E-06
233 -9 -3.8761E-06
234 -8 -3.6301E-06
235 -7 -3.39397E-06
236 -6 -3.16683E-06
237 -5 -2.94937E-06
238 -4 -2.74145E-06
239 -3 -2.54148E-06
240 -2 -2.35117E-06
241 -1 -2.16979E-06
242 0 -1.99782E-06
243 1 -1.83302E-06
244 2 -1.67739E-06
245 3 -1.53011E-06
246 4 -1.3906E-06
247 5 -1.25987E-06
248 6 -1.13666E-06
249 7 -1.02159E-06
250 8 -9.17635E-07
251 9 -8.3067E-07
252 10 -7.45693E-07
253 11 -6.64638E-07
254 12 -5.88656E-07
255 13 -5.17358E-07
256 14 -4.51477E-07
257 15 -3.90595E-07
258 16 -3.34733E-07
259 17 -2.84203E-07
260 18 -2.38303E-07
261 19 -1.97407E-07
262 20 -1.61229E-07
263 21 -1.29203E-07
264 22 -1.01685E-07
265 23 -7.81607E-08
266 24 -5.8613E-08
267 25 -4.2235E-08
268 26 -2.92822E-08
269 27 -1.94314E-08
270 28 -1.20523E-08
271 29 -6.9006E-09
272 30 -3.7228E-09
273 31 -1.8481E-09
274 32 -9.724E-10
275 33 -5.533E-10
276 34 -3.934E-10
277 35 -3.133E-10
278 36 -4.052E-10
279 37 -4.013E-10
280 38 -3.656E-10
281 39 -7.6365E-10
282 40 -2.637E-10
283 41 -3.698E-10
284 42 -4.161E-10
285 43 -2.896E-10
286 44 -3.452E-10
287 45 -5.106E-10
288 46 -4.233E-10
289 47 -4.306E-10
290 48 -3.53E-10
291 49 -3.717E-10
292 50 -3.6E-10
293 51 -3.624E-10
294 52 -2.801E-10
295 53 -2.88E-10
296 54 -3.559E-10
297 55 -3.259E-10
298 56 -3.698E-10
299 57 -4.339E-10
300 58 -4.508E-10
301 59 -2.849E-10
302 60 -4.019E-10
303 61 -4.273E-10
304 62 -2.449E-10
305 63 -3.872E-10
306 64 -3.494E-10
307 65 -2.512E-10
308 66 -3.42E-10
309 67 -4.533E-10
310 68 -3.65E-10
311 69 -3.817E-10
312 70 -4.059E-10
313 71 -4.79E-10
314 72 -3.978E-10
315 73 -3.087E-10
316 74 -3.144E-10
317 75 -3.999E-10
318 76 -3.547E-10
319 77 -3.077E-10
320 78 -3.779E-10
321 79 -5.408E-10
322 80 -5.931E-10

/* Append 5 */
NO. VG ID
 V A
1 80 -2.402E-09
2 79 -1.3418E-09
3 78 -9.982E-10
4 77 -8.969E-10
5 76 -6.327E-10
6 75 -5.009E-10
7 74 -5.588E-10
8 73 -6.07E-10
9 72 -5.037E-10
10 71 -5.081E-10
11 70 -4.703E-10
12 69 -4.267E-10
13 68 -3.943E-10
14 67 -4.07E-10
15 66 -2.579E-10
16 65 -3.485E-10
17 64 -3.295E-10
18 63 -2.623E-10
19 62 -3.846E-10
20 61 -2.888E-10
21 60 -2.408E-10
22 59 -3.647E-10
23 58 -2.814E-10
24 57 -1.758E-10
25 56 -1.969E-10
26 55 -2.194E-10
27 54 -2.416E-10
28 53 -4.284E-10
29 52 -2.541E-10
30 51 -2.434E-10
31 50 -1.782E-10
32 49 -2.969E-10
33 48 -2.792E-10
34 47 -5.38E-11
35 46 -2.41E-10
36 45 -1.713E-10
37 44 -1.203E-10
38 43 -3.396E-10
39 42 -3.884E-10
40 41 -6.502E-10
41 40 -1.7859E-09
42 39 -4.1295E-09
43 38 -8.8734E-09
44 37 -1.69586E-08
45 36 -2.90328E-08
46 35 -4.53063E-08
47 34 -6.63569E-08
48 33 -9.26472E-08
49 32 -1.2425E-07
50 31 -1.62311E-07
51 30 -2.06167E-07
52 29 -2.56364E-07
53 28 -3.12804E-07
54 27 -3.76067E-07
55 26 -4.45758E-07
56 25 -5.22472E-07
57 24 -6.06812E-07
58 23 -6.9826E-07
59 22 -7.97839E-07
60 21 -9.0471E-07
61 20 -1.02165E-06
62 19 -1.156E-06
63 18 -1.2984E-06
64 17 -1.45038E-06
65 16 -1.61099E-06
66 15 -1.78182E-06
67 14 -1.96146E-06
68 13 -2.15116E-06
69 12 -2.3514E-06
70 11 -2.56126E-06
71 10 -2.78239E-06
72 9 -3.01239E-06
73 8 -3.25427E-06
74 7 -3.50504E-06
75 6 -3.76562E-06
76 5 -4.03662E-06
77 4 -4.31641E-06
78 3 -4.60635E-06
79 2 -4.90429E-06
80 1 -5.211E-06
81 0 -5.52768E-06
82 -1 -5.85115E-06
83 -2 -6.18348E-06
84 -3 -6.52441E-06
85 -4 -6.87524E-06
86 -5 -7.23207E-06
87 -6 -7.59821E-06
88 -7 -7.9719E-06
89 -8 -8.35242E-06
90 -9 -8.74258E-06
91 -10 -9.13765E-06
92 -11 -9.54145E-06
93 -12 -9.95389E-06
94 -13 -1.037288E-05
95 -14 -1.079887E-05
96 -15 -1.123113E-05
97 -16 -1.15582E-05
98 -17 -1.20228E-05
99 -18 -1.24829E-05
100 -19 -1.29482E-05
101 -20 -1.34202E-05
102 -21 -1.38958E-05
103 -22 -1.4379E-05
104 -23 -1.48651E-05
105 -24 -1.53597E-05
106 -25 -1.58601E-05
107 -26 -1.63638E-05
108 -27 -1.68729E-05
109 -28 -1.73877E-05
110 -29 -1.79055E-05
111 -30 -1.84327E-05
112 -31 -1.89613E-05
113 -32 -1.94969E-05
114 -33 -2.00352E-05
115 -34 -2.05779E-05
116 -35 -2.11279E-05
117 -36 -2.16807E-05
118 -37 -2.22343E-05
119 -38 -2.27964E-05
120 -39 -2.33605E-05
121 -40 -2.39311E-05
122 -41 -2.45047E-05
123 -42 -2.50781E-05
124 -43 -2.5656E-05
125 -44 -2.624E-05
126 -45 -2.68251E-05
127 -46 -2.74151E-05
128 -47 -2.80062E-05
129 -48 -2.85986E-05
130 -49 -2.91968E-05
131 -50 -2.97953E-05
132 -51 -3.03955E-05
133 -52 -3.09987E-05
134 -53 -3.16037E-05
135 -54 -3.2212E-05
136 -55 -3.28239E-05
137 -56 -3.34387E-05
138 -57 -3.4051E-05
139 -58 -3.46653E-05
140 -59 -3.52768E-05
141 -60 -3.58923E-05
142 -61 -3.65101E-05
143 -62 -3.71292E-05
144 -63 -3.77452E-05
145 -64 -3.836E-05
146 -65 -3.89736E-05
147 -66 -3.95941E-05
148 -67 -4.02147E-05
149 -68 -4.08314E-05
150 -69 -4.14463E-05
151 -70 -4.20633E-05
152 -71 -4.26789E-05
153 -72 -4.32916E-05
154 -73 -4.39027E-05
155 -74 -4.45141E-05
156 -75 -4.5125E-05
157 -76 -4.57418E-05
158 -77 -4.63444E-05
159 -78 -4.69521E-05
160 -79 -4.75608E-05
161 -80 -4.81631E-05
162 -80 -4.7775E-05
163 -79 -4.64184E-05
164 -78 -4.51815E-05
165 -77 -4.40092E-05
166 -76 -4.2908E-05
167 -75 -4.18384E-05
168 -74 -4.08117E-05
169 -73 -3.98174E-05
170 -72 -3.88486E-05
171 -71 -3.79121E-05
172 -70 -3.69949E-05
173 -69 -3.61022E-05
174 -68 -3.52317E-05
175 -67 -3.43773E-05
176 -66 -3.35427E-05
177 -65 -3.27214E-05
178 -64 -3.19205E-05
179 -63 -3.11317E-05
180 -62 -3.03557E-05
181 -61 -2.96013E-05
182 -60 -2.88529E-05
183 -59 -2.8121E-05
184 -58 -2.74017E-05
185 -57 -2.66918E-05
186 -56 -2.59949E-05
187 -55 -2.53076E-05
188 -54 -2.46369E-05
189 -53 -2.39761E-05
190 -52 -2.3323E-05
191 -51 -2.26827E-05
192 -50 -2.20532E-05
193 -49 -2.1433E-05
194 -48 -2.08215E-05
195 -47 -2.02227E-05
196 -46 -1.96311E-05
197 -45 -1.9047E-05
198 -44 -1.84762E-05
199 -43 -1.79112E-05
200 -42 -1.73583E-05
201 -41 -1.68157E-05
202 -40 -1.62794E-05
203 -39 -1.57518E-05
204 -38 -1.52371E-05
205 -37 -1.47278E-05
206 -36 -1.42293E-05
207 -35 -1.37406E-05
208 -34 -1.32581E-05
209 -33 -1.27874E-05
210 -32 -1.23261E-05
211 -31 -1.18704E-05
212 -30 -1.14265E-05
213 -29 -1.09873E-05
214 -28 -1.05597E-05
215 -27 -1.01407E-05
216 -26 -9.73869E-06
217 -25 -9.38352E-06
218 -24 -9.01955E-06
219 -23 -8.65967E-06
220 -22 -8.30284E-06
221 -21 -7.91473E-06
222 -20 -7.5434E-06
223 -19 -7.18095E-06
224 -18 -6.83208E-06
225 -17 -6.49233E-06
226 -16 -6.16015E-06
227 -15 -5.84065E-06
228 -14 -5.52977E-06
229 -13 -5.22721E-06
230 -12 -4.93568E-06
231 -11 -4.65265E-06
232 -10 -4.38017E-06
233 -9 -4.11739E-06
234 -8 -3.86275E-06
235 -7 -3.61825E-06
236 -6 -3.38244E-06
237 -5 -3.15714E-06
238 -4 -2.94052E-06
239 -3 -2.73212E-06
240 -2 -2.53362E-06
241 -1 -2.34421E-06
242 0 -2.16425E-06
243 1 -1.99132E-06
244 2 -1.82776E-06
245 3 -1.67261E-06
246 4 -1.52517E-06
247 5 -1.38672E-06
248 6 -1.25578E-06
249 7 -1.13351E-06
250 8 -1.0188E-06
251 9 -9.15064E-07
252 10 -8.28808E-07
253 11 -7.43995E-07
254 12 -6.63679E-07
255 13 -5.87784E-07
256 14 -5.17141E-07
257 15 -4.51528E-07
258 16 -3.90759E-07
259 17 -3.35415E-07
260 18 -2.84661E-07
261 19 -2.39038E-07
262 20 -1.98333E-07
263 21 -1.61916E-07
264 22 -1.30219E-07
265 23 -1.027905E-07
266 24 -7.94082E-08
267 25 -5.98075E-08
268 26 -4.35371E-08
269 27 -3.04492E-08
270 28 -2.02395E-08
271 29 -1.26843E-08
272 30 -7.528E-09
273 31 -4.0806E-09
274 32 -2.0406E-09
275 33 -1.0518E-09
276 34 -5.269E-10
277 35 -4.331E-10
278 36 -3.587E-10
279 37 -3.278E-10
280 38 -3.844E-10
281 39 -4.485E-10
282 40 -4.364E-10
283 41 -2.859E-10
284 42 -4.436E-10
285 43 -3.896E-10
286 44 -3.763E-10
287 45 -3.043E-10
288 46 -1.964E-10
289 47 -3.628E-10
290 48 -3.155E-10
291 49 -2.676E-10
292 50 -3.14E-10
293 51 -3.332E-10
294 52 -3.939E-10
295 53 -3.156E-10
296 54 -3.782E-10
297 55 -4.519E-10
298 56 -3.776E-10
299 57 -3.479E-10
300 58 -2.998E-10
301 59 -2.937E-10
302 60 -3.778E-10
303 61 -5.569E-10
304 62 -3.833E-10
305 63 -2.857E-10
306 64 -4.362E-10
307 65 -4.942E-10
308 66 -4.036E-10
309 67 -3.651E-10
310 68 -2.48E-10
311 69 -4.599E-10
312 70 -3.294E-10
313 71 -3.406E-10
314 72 -3.452E-10
315 73 -3.967E-10
316 74 -3.317E-10
317 75 -3.281E-10
318 76 -4.04E-10
319 77 -3.416E-10
320 78 -1.3553E-10
321 79 -3.779E-10
322 80 -3.375E-10

/* Append 6 */
NO. VG ID
 V A
1 80 -2.1807E-09
2 79 -1.3471E-09
3 78 -1.0536E-09
4 77 -7.503E-10
5 76 -6.538E-10
6 75 -5.357E-10
7 74 -4.234E-10
8 73 -3.369E-10
9 72 -4.582E-10
10 71 -4.17E-10
11 70 -3.327E-10
12 69 -3.488E-10
13 68 -3.905E-10
14 67 -4.051E-10
15 66 -3.757E-10
16 65 -2.894E-10
17 64 -2.346E-10
18 63 -3.384E-10
19 62 -2.231E-10
20 61 -2.286E-10
21 60 -2.511E-10
22 59 -2.497E-10
23 58 -2.919E-10
24 57 -3.315E-10
25 56 -2.368E-10
26 55 -2.575E-10
27 54 -2.041E-10
28 53 -2.635E-10
29 52 -1.079E-10
30 51 -2.094E-10
31 50 -1.671E-10
32 49 -1.93E-10
33 48 -2.251E-10
34 47 -2.398E-10
35 46 -3.152E-10
36 45 -1.902E-10
37 44 -2.538E-10
38 43 -4.34E-10
39 42 -8.211E-10
40 41 -2.3831E-09
41 40 -5.435E-09
42 39 -1.11911E-08
43 38 -2.02968E-08
44 37 -3.34255E-08
45 36 -5.10273E-08
46 35 -7.33617E-08
47 34 -1.01326E-07
48 33 -1.3491E-07
49 32 -1.74327E-07
50 31 -2.20056E-07
51 30 -2.71821E-07
52 29 -3.30271E-07
53 28 -3.95166E-07
54 27 -4.67189E-07
55 26 -5.45891E-07
56 25 -6.31912E-07
57 24 -7.25975E-07
58 23 -8.27376E-07
59 22 -9.36768E-07
60 21 -1.05589E-06
61 20 -1.19385E-06
62 19 -1.33921E-06
63 18 -1.49356E-06
64 17 -1.65837E-06
65 16 -1.83171E-06
66 15 -2.01593E-06
67 14 -2.20933E-06
68 13 -2.41296E-06
69 12 -2.62739E-06
70 11 -2.85136E-06
71 10 -3.08672E-06
72 9 -3.33093E-06
73 8 -3.58594E-06
74 7 -3.8503E-06
75 6 -4.12376E-06
76 5 -4.40772E-06
77 4 -4.70017E-06
78 3 -5.00229E-06
79 2 -5.31179E-06
80 1 -5.63049E-06
81 0 -5.95804E-06
82 -1 -6.29213E-06
83 -2 -6.63619E-06
84 -3 -6.98721E-06
85 -4 -7.3482E-06
86 -5 -7.71534E-06
87 -6 -8.09046E-06
88 -7 -8.4743E-06
89 -8 -8.86511E-06
90 -9 -9.26518E-06
91 -10 -9.66991E-06
92 -11 -1.008176E-05
93 -12 -1.050298E-05
94 -13 -1.092896E-05
95 -14 -1.136576E-05
96 -15 -1.16896E-05
97 -16 -1.2153E-05
98 -17 -1.26186E-05
99 -18 -1.30845E-05
100 -19 -1.35564E-05
101 -20 -1.40346E-05
102 -21 -1.45158E-05
103 -22 -1.50049E-05
104 -23 -1.54971E-05
105 -24 -1.59955E-05
106 -25 -1.65025E-05
107 -26 -1.70113E-05
108 -27 -1.75278E-05
109 -28 -1.80461E-05
110 -29 -1.85679E-05
111 -30 -1.90978E-05
112 -31 -1.96317E-05
113 -32 -2.01723E-05
114 -33 -2.07159E-05
115 -34 -2.12607E-05
116 -35 -2.18134E-05
117 -36 -2.23711E-05
118 -37 -2.29279E-05
119 -38 -2.34912E-05
120 -39 -2.40564E-05
121 -40 -2.46286E-05
122 -41 -2.52072E-05
123 -42 -2.57835E-05
124 -43 -2.63628E-05
125 -44 -2.69516E-05
126 -45 -2.75342E-05
127 -46 -2.81295E-05
128 -47 -2.87215E-05
129 -48 -2.93144E-05
130 -49 -2.99196E-05
131 -50 -3.05177E-05
132 -51 -3.11243E-05
133 -52 -3.1727E-05
134 -53 -3.23296E-05
135 -54 -3.29395E-05
136 -55 -3.35506E-05
137 -56 -3.41661E-05
138 -57 -3.47785E-05
139 -58 -3.53953E-05
140 -59 -3.6004E-05
141 -60 -3.66175E-05
142 -61 -3.7232E-05
143 -62 -3.78501E-05
144 -63 -3.84669E-05
145 -64 -3.90814E-05
146 -65 -3.9699E-05
147 -66 -4.03105E-05
148 -67 -4.09296E-05
149 -68 -4.15498E-05
150 -69 -4.2159E-05
151 -70 -4.27745E-05
152 -71 -4.33848E-05
153 -72 -4.40006E-05
154 -73 -4.46115E-05
155 -74 -4.52152E-05
156 -75 -4.58284E-05
157 -76 -4.64316E-05
158 -77 -4.70371E-05
159 -78 -4.76505E-05
160 -79 -4.82474E-05
161 -80 -4.88531E-05
162 -80 -4.84461E-05
163 -79 -4.70745E-05
164 -78 -4.58302E-05
165 -77 -4.4651E-05
166 -76 -4.35281E-05
167 -75 -4.24535E-05
168 -74 -4.14208E-05
169 -73 -4.04245E-05
170 -72 -3.94455E-05
171 -71 -3.85011E-05
172 -70 -3.75778E-05
173 -69 -3.6674E-05
174 -68 -3.57969E-05
175 -67 -3.49365E-05
176 -66 -3.40943E-05
177 -65 -3.32676E-05
178 -64 -3.24598E-05
179 -63 -3.16667E-05
180 -62 -3.08885E-05
181 -61 -3.01209E-05
182 -60 -2.93682E-05
183 -59 -2.86317E-05
184 -58 -2.79036E-05
185 -57 -2.71887E-05
186 -56 -2.64852E-05
187 -55 -2.57924E-05
188 -54 -2.51136E-05
189 -53 -2.44441E-05
190 -52 -2.37892E-05
191 -51 -2.31416E-05
192 -50 -2.2503E-05
193 -49 -2.18767E-05
194 -48 -2.12596E-05
195 -47 -2.06537E-05
196 -46 -2.00574E-05
197 -45 -1.94705E-05
198 -44 -1.8893E-05
199 -43 -1.8324E-05
200 -42 -1.77672E-05
201 -41 -1.72172E-05
202 -40 -1.66753E-05
203 -39 -1.61421E-05
204 -38 -1.56213E-05
205 -37 -1.51059E-05
206 -36 -1.46012E-05
207 -35 -1.41058E-05
208 -34 -1.36185E-05
209 -33 -1.31402E-05
210 -32 -1.26724E-05
211 -31 -1.22103E-05
212 -30 -1.17595E-05
213 -29 -1.13144E-05
214 -28 -1.08813E-05
215 -27 -1.0457E-05
216 -26 -1.00394E-05
217 -25 -9.64102E-06
218 -24 -9.28673E-06
219 -23 -8.92722E-06
220 -22 -8.57102E-06
221 -21 -8.18963E-06
222 -20 -7.80925E-06
223 -19 -7.44108E-06
224 -18 -7.0858E-06
225 -17 -6.74057E-06
226 -16 -6.4033E-06
227 -15 -6.07727E-06
228 -14 -5.76026E-06
229 -13 -5.45243E-06
230 -12 -5.15462E-06
231 -11 -4.86529E-06
232 -10 -4.58674E-06
233 -9 -4.31656E-06
234 -8 -4.05554E-06
235 -7 -3.80461E-06
236 -6 -3.56202E-06
237 -5 -3.32962E-06
238 -4 -3.10636E-06
239 -3 -2.89165E-06
240 -2 -2.68694E-06
241 -1 -2.4909E-06
242 0 -2.30434E-06
243 1 -2.12508E-06
244 2 -1.95532E-06
245 3 -1.79391E-06
246 4 -1.64013E-06
247 5 -1.49548E-06
248 6 -1.35838E-06
249 7 -1.22991E-06
250 8 -1.10919E-06
251 9 -9.9598E-07
252 10 -8.94256E-07
253 11 -8.0919E-07
254 12 -7.26393E-07
255 13 -6.47206E-07
256 14 -5.7296E-07
257 15 -5.03708E-07
258 16 -4.39019E-07
259 17 -3.80131E-07
260 18 -3.25576E-07
261 19 -2.76375E-07
262 20 -2.31925E-07
263 21 -1.92016E-07
264 22 -1.56767E-07
265 23 -1.25864E-07
266 24 -9.92995E-08
267 25 -7.65562E-08
268 26 -5.75497E-08
269 27 -4.17553E-08
270 28 -2.92139E-08
271 29 -1.96971E-08
272 30 -1.21689E-08
273 31 -7.2504E-09
274 32 -3.9589E-09
275 33 -2.1058E-09
276 34 -1.1798E-09
277 35 -6.523E-10
278 36 -3.519E-10
279 37 -4.336E-10
280 38 -3.828E-10
281 39 -3.004E-10
282 40 -3.297E-10
283 41 -3.366E-10
284 42 -4.144E-10
285 43 -3.419E-10
286 44 -2.789E-10
287 45 -4.741E-10
288 46 -4.501E-10
289 47 -3.84E-10
290 48 -2.5E-10
291 49 -3.33E-10
292 50 -5.188E-10
293 51 -2.527E-10
294 52 -2.793E-10
295 53 -4.198E-10
296 54 -3.231E-10
297 55 -3.393E-10
298 56 -3.394E-10
299 57 -4.339E-10
300 58 -4.984E-10
301 59 -4.852E-10
302 60 -3.848E-10
303 61 -3.495E-10
304 62 -4.351E-10
305 63 -2.455E-10
306 64 -3.126E-10
307 65 -4.715E-10
308 66 -4.359E-10
309 67 -4.195E-10
310 68 -4.012E-10
311 69 -5.301E-10
312 70 -5.4E-10
313 71 -4.956E-10
314 72 -4.14E-10
315 73 -4.095E-10
316 74 -4.704E-10
317 75 -3.442E-10
318 76 -4.171E-10
319 77 -4.463E-10
320 78 -4.515E-10
321 79 -4.238E-10
322 80 -5.805E-10

/* Append 7 */
NO. VG ID
 V A
1 80 -2.4025E-09
2 79 -1.4119E-09
3 78 -1.1622E-09
4 77 -9.051E-10
5 76 -7.983E-10
6 75 -7.895E-10
7 74 -5.874E-10
8 73 -4.048E-10
9 72 -5.498E-10
10 71 -4.307E-10
11 70 -3.965E-10
12 69 -4.094E-10
13 68 -4.646E-10
14 67 -3.527E-10
15 66 -3.893E-10
16 65 -3.272E-10
17 64 -2.631E-10
18 63 -2.268E-10
19 62 -3.466E-10
20 61 -2.966E-10
21 60 -2.435E-10
22 59 -3.468E-10
23 58 -3.037E-10
24 57 -2.694E-10
25 56 -4.002E-10
26 55 -2.256E-10
27 54 -1.265E-10
28 53 -2.65E-10
29 52 -1.775E-10
30 51 -3.171E-10
31 50 -2.575E-10
32 49 -2.492E-10
33 48 -2.251E-10
34 47 -2.537E-10
35 46 -1.85E-10
36 45 -1.595E-10
37 44 -1.638E-10
38 43 -6.391E-10
39 42 -1.4045E-09
40 41 -3.4799E-09
41 40 -7.7574E-09
42 39 -1.4863E-08
43 38 -2.55871E-08
44 37 -4.04571E-08
45 36 -6.00163E-08
46 35 -8.44198E-08
47 34 -1.14236E-07
48 33 -1.50178E-07
49 32 -1.91718E-07
50 31 -2.39676E-07
51 30 -2.93674E-07
52 29 -3.54702E-07
53 28 -4.21997E-07
54 27 -4.96846E-07
55 26 -5.78211E-07
56 25 -6.67014E-07
57 24 -7.64003E-07
58 23 -8.68341E-07
59 22 -9.81159E-07
60 21 -1.10329E-06
61 20 -1.24455E-06
62 19 -1.39307E-06
63 18 -1.55095E-06
64 17 -1.71879E-06
65 16 -1.89575E-06
66 15 -2.08335E-06
67 14 -2.28042E-06
68 13 -2.48747E-06
69 12 -2.70555E-06
70 11 -2.93317E-06
71 10 -3.17191E-06
72 9 -3.41918E-06
73 8 -3.67761E-06
74 7 -3.94581E-06
75 6 -4.22247E-06
76 5 -4.5102E-06
77 4 -4.80503E-06
78 3 -5.11087E-06
79 2 -5.42371E-06
80 1 -5.74527E-06
81 0 -6.07719E-06
82 -1 -6.41473E-06
83 -2 -6.7616E-06
84 -3 -7.11769E-06
85 -4 -7.48248E-06
86 -5 -7.85391E-06
87 -6 -8.23322E-06
88 -7 -8.6215E-06
89 -8 -9.01698E-06
90 -9 -9.42069E-06
91 -10 -9.83078E-06
92 -11 -1.024749E-05
93 -12 -1.067375E-05
94 -13 -1.110558E-05
95 -14 -1.14421E-05
96 -15 -1.19028E-05
97 -16 -1.23634E-05
98 -17 -1.28294E-05
99 -18 -1.33E-05
100 -19 -1.3776E-05
101 -20 -1.42596E-05
102 -21 -1.47462E-05
103 -22 -1.52408E-05
104 -23 -1.57381E-05
105 -24 -1.62433E-05
106 -25 -1.67537E-05
107 -26 -1.72671E-05
108 -27 -1.77885E-05
109 -28 -1.8312E-05
110 -29 -1.88415E-05
111 -30 -1.93764E-05
112 -31 -1.99144E-05
113 -32 -2.04608E-05
114 -33 -2.10101E-05
115 -34 -2.15611E-05
116 -35 -2.21215E-05
117 -36 -2.26825E-05
118 -37 -2.32484E-05
119 -38 -2.38175E-05
120 -39 -2.43926E-05
121 -40 -2.49702E-05
122 -41 -2.5554E-05
123 -42 -2.61367E-05
124 -43 -2.67232E-05
125 -44 -2.73162E-05
126 -45 -2.79099E-05
127 -46 -2.85088E-05
128 -47 -2.91062E-05
129 -48 -2.9706E-05
130 -49 -3.03134E-05
131 -50 -3.09169E-05
132 -51 -3.15285E-05
133 -52 -3.2135E-05
134 -53 -3.27496E-05
135 -54 -3.33646E-05
136 -55 -3.39791E-05
137 -56 -3.45981E-05
138 -57 -3.5214E-05
139 -58 -3.58345E-05
140 -59 -3.64533E-05
141 -60 -3.7071E-05
142 -61 -3.76913E-05
143 -62 -3.83052E-05
144 -63 -3.89309E-05
145 -64 -3.95486E-05
146 -65 -4.01688E-05
147 -66 -4.07883E-05
148 -67 -4.14062E-05
149 -68 -4.20266E-05
150 -69 -4.26434E-05
151 -70 -4.32594E-05
152 -71 -4.38761E-05
153 -72 -4.44886E-05
154 -73 -4.51026E-05
155 -74 -4.57124E-05
156 -75 -4.63244E-05
157 -76 -4.69368E-05
158 -77 -4.75419E-05
159 -78 -4.81501E-05
160 -79 -4.87527E-05
161 -80 -4.93629E-05
162 -80 -4.89491E-05
163 -79 -4.75723E-05
164 -78 -4.63197E-05
165 -77 -4.51339E-05
166 -76 -4.40051E-05
167 -75 -4.29298E-05
168 -74 -4.18913E-05
169 -73 -4.08847E-05
170 -72 -3.9905E-05
171 -71 -3.89586E-05
172 -70 -3.80247E-05
173 -69 -3.71199E-05
174 -68 -3.62371E-05
175 -67 -3.53719E-05
176 -66 -3.45219E-05
177 -65 -3.36889E-05
178 -64 -3.28739E-05
179 -63 -3.20779E-05
180 -62 -3.12919E-05
181 -61 -3.05246E-05
182 -60 -2.97649E-05
183 -59 -2.90217E-05
184 -58 -2.82921E-05
185 -57 -2.75699E-05
186 -56 -2.68628E-05
187 -55 -2.61664E-05
188 -54 -2.54848E-05
189 -53 -2.4809E-05
190 -52 -2.41479E-05
191 -51 -2.34989E-05
192 -50 -2.28571E-05
193 -49 -2.2226E-05
194 -48 -2.16045E-05
195 -47 -2.09938E-05
196 -46 -2.03935E-05
197 -45 -1.97995E-05
198 -44 -1.92192E-05
199 -43 -1.86439E-05
200 -42 -1.80809E-05
201 -41 -1.75256E-05
202 -40 -1.6979E-05
203 -39 -1.6443E-05
204 -38 -1.59162E-05
205 -37 -1.53959E-05
206 -36 -1.48868E-05
207 -35 -1.43873E-05
208 -34 -1.38938E-05
209 -33 -1.34109E-05
210 -32 -1.29385E-05
211 -31 -1.2472E-05
212 -30 -1.20165E-05
213 -29 -1.15693E-05
214 -28 -1.11295E-05
215 -27 -1.07002E-05
216 -26 -1.02772E-05
217 -25 -9.87432E-06
218 -24 -9.5154E-06
219 -23 -9.15305E-06
220 -22 -8.79157E-06
221 -21 -8.43254E-06
222 -20 -8.04336E-06
223 -19 -7.66636E-06
224 -18 -7.30323E-06
225 -17 -6.95107E-06
226 -16 -6.60801E-06
227 -15 -6.27541E-06
228 -14 -5.95199E-06
229 -13 -5.63763E-06
230 -12 -5.33414E-06
231 -11 -5.03816E-06
232 -10 -4.7542E-06
233 -9 -4.47899E-06
234 -8 -4.21241E-06
235 -7 -3.95611E-06
236 -6 -3.70806E-06
237 -5 -3.47053E-06
238 -4 -3.2417E-06
239 -3 -3.02174E-06
240 -2 -2.81173E-06
241 -1 -2.61013E-06
242 0 -2.41821E-06
243 1 -2.2338E-06
244 2 -2.05883E-06
245 3 -1.89242E-06
246 4 -1.73362E-06
247 5 -1.58389E-06
248 6 -1.44195E-06
249 7 -1.30855E-06
250 8 -1.18311E-06
251 9 -1.06515E-06
252 10 -9.59235E-07
253 11 -8.70804E-07
254 12 -7.83997E-07
255 13 -7.01031E-07
256 14 -6.22989E-07
257 15 -5.49819E-07
258 16 -4.81727E-07
259 17 -4.19051E-07
260 18 -3.61106E-07
261 19 -3.08479E-07
262 20 -2.60854E-07
263 21 -2.17826E-07
264 22 -1.79707E-07
265 23 -1.45851E-07
266 24 -1.16491E-07
267 25 -9.12703E-08
268 26 -6.99579E-08
269 27 -5.21308E-08
270 28 -3.75482E-08
271 29 -2.59578E-08
272 30 -1.71542E-08
273 31 -1.06837E-08
274 32 -6.1313E-09
275 33 -3.279E-09
276 34 -1.6273E-09
277 35 -8.735E-10
278 36 -5.778E-10
279 37 -4.07E-10
280 38 -3.885E-10
281 39 -4.176E-10
282 40 -6.31E-10
283 41 -4.312E-10
284 42 -3.695E-10
285 43 -2.739E-10
286 44 -3.454E-10
287 45 -2.692E-10
288 46 -2.221E-10
289 47 -2.75E-10
290 48 -2.744E-10
291 49 -3.14E-10
292 50 -2.36E-10
293 51 -3.398E-10
294 52 -3.367E-10
295 53 -3.204E-10
296 54 -2.997E-10
297 55 -2.322E-10
298 56 -2.876E-10
299 57 -2.773E-10
300 58 -1.738E-10
301 59 -2.478E-10
302 60 -2.849E-10
303 61 -2.433E-10
304 62 -2.873E-10
305 63 -2.967E-10
306 64 -3.862E-10
307 65 -3.198E-10
308 66 -3.279E-10
309 67 -2.939E-10
310 68 -2.816E-10
311 69 -2.606E-10
312 70 -1.953E-10
313 71 -3.476E-10
314 72 -3.717E-10
315 73 -2.739E-10
316 74 -2.752E-10
317 75 -3.441E-10
318 76 -4.086E-10
319 77 -3.544E-10
320 78 -3.461E-10
321 79 -3.717E-10
322 80 -3.162E-10

/* Append 8 */
NO. VG ID
 V A
1 80 -2.3296E-09
2 79 -1.5429E-09
3 78 -1.1092E-09
4 77 -8.378E-10
5 76 -8.257E-10
6 75 -7.197E-10
7 74 -5.757E-10
8 73 -5.936E-10
9 72 -5.244E-10
10 71 -3.451E-10
11 70 -3.188E-10
12 69 -4.51E-10
13 68 -3.585E-10
14 67 -2.993E-10
15 66 -3.074E-10
16 65 -3.912E-10
17 64 -3.234E-10
18 63 -3.55E-10
19 62 -3.746E-10
20 61 -3.275E-10
21 60 -1.877E-10
22 59 -3.204E-10
23 58 -2.108E-10
24 57 -1.88E-10
25 56 -2.347E-10
26 55 -2.832E-10
27 54 -1.596E-10
28 53 -3.18E-10
29 52 -2.788E-10
30 51 -1.233E-10
31 50 -1.831E-10
32 49 -2.201E-10
33 48 -1.552E-10
34 47 -1.561E-10
35 46 -2.163E-10
36 45 -2.192E-10
37 44 -3.533E-10
38 43 -7.772E-10
39 42 -1.7429E-09
40 41 -4.3759E-09
41 40 -9.2892E-09
42 39 -1.72296E-08
43 38 -2.88676E-08
44 37 -4.46584E-08
45 36 -6.51449E-08
46 35 -9.03963E-08
47 34 -1.211E-07
48 33 -1.57766E-07
49 32 -2.00188E-07
50 31 -2.48996E-07
51 30 -3.03935E-07
52 29 -3.65567E-07
53 28 -4.33687E-07
54 27 -5.09217E-07
55 26 -5.91301E-07
56 25 -6.81055E-07
57 24 -7.78779E-07
58 23 -8.84036E-07
59 22 -9.9915E-07
60 21 -1.13121E-06
61 20 -1.27179E-06
62 19 -1.42064E-06
63 18 -1.57884E-06
64 17 -1.74686E-06
65 16 -1.92414E-06
66 15 -2.11192E-06
67 14 -2.30882E-06
68 13 -2.51585E-06
69 12 -2.73405E-06
70 11 -2.96136E-06
71 10 -3.19976E-06
72 9 -3.44737E-06
73 8 -3.70571E-06
74 7 -3.97322E-06
75 6 -4.24959E-06
76 5 -4.53664E-06
77 4 -4.83177E-06
78 3 -5.13747E-06
79 2 -5.45056E-06
80 1 -5.77199E-06
81 0 -6.10373E-06
82 -1 -6.44136E-06
83 -2 -6.78897E-06
84 -3 -7.14457E-06
85 -4 -7.51036E-06
86 -5 -7.88293E-06
87 -6 -8.26313E-06
88 -7 -8.6524E-06
89 -8 -9.04949E-06
90 -9 -9.45472E-06
91 -10 -9.8655E-06
92 -11 -1.028471E-05
93 -12 -1.071242E-05
94 -13 -1.114538E-05
95 -14 -1.14824E-05
96 -15 -1.1946E-05
97 -16 -1.24111E-05
98 -17 -1.28799E-05
99 -18 -1.33518E-05
100 -19 -1.38309E-05
101 -20 -1.43171E-05
102 -21 -1.48086E-05
103 -22 -1.53053E-05
104 -23 -1.58058E-05
105 -24 -1.63147E-05
106 -25 -1.68291E-05
107 -26 -1.73479E-05
108 -27 -1.78726E-05
109 -28 -1.84005E-05
110 -29 -1.89345E-05
111 -30 -1.94767E-05
112 -31 -2.00193E-05
113 -32 -2.05724E-05
114 -33 -2.11238E-05
115 -34 -2.16805E-05
116 -35 -2.22446E-05
117 -36 -2.2811E-05
118 -37 -2.33829E-05
119 -38 -2.39576E-05
120 -39 -2.45367E-05
121 -40 -2.51246E-05
122 -41 -2.57135E-05
123 -42 -2.63024E-05
124 -43 -2.68967E-05
125 -44 -2.7496E-05
126 -45 -2.80931E-05
127 -46 -2.86982E-05
128 -47 -2.93001E-05
129 -48 -2.99083E-05
130 -49 -3.05232E-05
131 -50 -3.11354E-05
132 -51 -3.17466E-05
133 -52 -3.23656E-05
134 -53 -3.29784E-05
135 -54 -3.36E-05
136 -55 -3.42191E-05
137 -56 -3.48435E-05
138 -57 -3.54655E-05
139 -58 -3.60883E-05
140 -59 -3.67153E-05
141 -60 -3.73445E-05
142 -61 -3.79714E-05
143 -62 -3.8596E-05
144 -63 -3.92251E-05
145 -64 -3.98472E-05
146 -65 -4.04744E-05
147 -66 -4.11036E-05
148 -67 -4.17275E-05
149 -68 -4.23499E-05
150 -69 -4.29681E-05
151 -70 -4.35913E-05
152 -71 -4.42175E-05
153 -72 -4.48351E-05
154 -73 -4.54539E-05
155 -74 -4.60675E-05
156 -75 -4.66834E-05
157 -76 -4.73014E-05
158 -77 -4.79148E-05
159 -78 -4.85233E-05
160 -79 -4.91306E-05
161 -80 -4.97385E-05
162 -80 -4.9332E-05
163 -79 -4.79487E-05
164 -78 -4.66889E-05
165 -77 -4.55025E-05
166 -76 -4.43779E-05
167 -75 -4.32911E-05
168 -74 -4.22487E-05
169 -73 -4.12418E-05
170 -72 -4.02564E-05
171 -71 -3.93022E-05
172 -70 -3.83675E-05
173 -69 -3.74555E-05
174 -68 -3.65712E-05
175 -67 -3.56974E-05
176 -66 -3.48489E-05
177 -65 -3.4014E-05
178 -64 -3.31988E-05
179 -63 -3.23925E-05
180 -62 -3.16071E-05
181 -61 -3.08343E-05
182 -60 -3.0068E-05
183 -59 -2.93244E-05
184 -58 -2.85903E-05
185 -57 -2.78663E-05
186 -56 -2.71571E-05
187 -55 -2.64567E-05
188 -54 -2.57671E-05
189 -53 -2.50875E-05
190 -52 -2.44232E-05
191 -51 -2.37686E-05
192 -50 -2.31234E-05
193 -49 -2.24903E-05
194 -48 -2.18638E-05
195 -47 -2.12519E-05
196 -46 -2.06463E-05
197 -45 -2.00476E-05
198 -44 -1.94636E-05
199 -43 -1.88838E-05
200 -42 -1.83167E-05
201 -41 -1.77604E-05
202 -40 -1.72094E-05
203 -39 -1.66666E-05
204 -38 -1.61362E-05
205 -37 -1.56139E-05
206 -36 -1.51019E-05
207 -35 -1.4597E-05
208 -34 -1.41018E-05
209 -33 -1.36162E-05
210 -32 -1.3138E-05
211 -31 -1.26678E-05
212 -30 -1.22088E-05
213 -29 -1.17552E-05
214 -28 -1.13118E-05
215 -27 -1.08795E-05
216 -26 -1.0453E-05
217 -25 -1.00376E-05
218 -24 -9.63909E-06
219 -23 -9.28734E-06
220 -22 -8.92863E-06
221 -21 -8.57077E-06
222 -20 -8.19225E-06
223 -19 -7.81163E-06
224 -18 -7.4461E-06
225 -17 -7.09093E-06
226 -16 -6.74372E-06
227 -15 -6.40776E-06
228 -14 -6.08239E-06
229 -13 -5.76521E-06
230 -12 -5.45807E-06
231 -11 -5.15968E-06
232 -10 -4.87192E-06
233 -9 -4.59363E-06
234 -8 -4.32354E-06
235 -7 -4.06391E-06
236 -6 -3.81279E-06
237 -5 -3.57199E-06
238 -4 -3.34032E-06
239 -3 -3.11666E-06
240 -2 -2.90325E-06
241 -1 -2.69826E-06
242 0 -2.50331E-06
243 1 -2.31561E-06
244 2 -2.13729E-06
245 3 -1.96732E-06
246 4 -1.8049E-06
247 5 -1.65185E-06
248 6 -1.50631E-06
249 7 -1.36955E-06
250 8 -1.24048E-06
251 9 -1.11909E-06
252 10 -1.009761E-06
253 11 -9.18781E-07
254 12 -8.29206E-07
255 13 -7.43353E-07
256 14 -6.62641E-07
257 15 -5.86631E-07
258 16 -5.15767E-07
259 17 -4.50269E-07
260 18 -3.8975E-07
261 19 -3.3466E-07
262 20 -2.84628E-07
263 21 -2.39032E-07
264 22 -1.98697E-07
265 23 -1.62517E-07
266 24 -1.31061E-07
267 25 -1.03671E-07
268 26 -8.04693E-08
269 27 -6.09949E-08
270 28 -4.48058E-08
271 29 -3.18866E-08
272 30 -2.16173E-08
273 31 -1.39666E-08
274 32 -8.421E-09
275 33 -4.829E-09
276 34 -2.6004E-09
277 35 -1.3263E-09
278 36 -6.738E-10
279 37 -4.087E-10
280 38 -4.596E-10
281 39 -2.643E-10
282 40 -3.265E-10
283 41 -3.596E-10
284 42 -3.505E-10
285 43 -3.626E-10
286 44 -2.678E-10
287 45 -4.651E-10
288 46 -3.884E-10
289 47 -3.09E-10
290 48 -4.246E-10
291 49 -3.099E-10
292 50 -2.797E-10
293 51 -3.736E-10
294 52 -3.938E-10
295 53 -4.01E-10
296 54 -3.534E-10
297 55 -3.781E-10
298 56 -4.335E-10
299 57 -3.88E-10
300 58 -2.529E-10
301 59 -2.667E-10
302 60 -4.878E-10
303 61 -3.084E-10
304 62 -2.965E-10
305 63 -3.201E-10
306 64 -3.114E-10
307 65 -4.307E-10
308 66 -3.675E-10
309 67 -4.316E-10
310 68 -4.886E-10
311 69 -3.667E-10
312 70 -2.563E-10
313 71 -2.804E-10
314 72 -3.365E-10
315 73 -3.098E-10
316 74 -3.485E-10
317 75 -3.391E-10
318 76 -3.567E-10
319 77 -3.772E-10
320 78 -4.247E-10
321 79 -4.077E-10
322 80 -5.069E-10

/* Append 9 */
NO. VG ID
 V A
1 80 -2.5873E-09
2 79 -1.5798E-09
3 78 -1.1654E-09
4 77 -9.056E-10
5 76 -7.162E-10
6 75 -6.606E-10
7 74 -6.43E-10
8 73 -5.735E-10
9 72 -5.741E-10
10 71 -4.925E-10
11 70 -4.946E-10
12 69 -5.425E-10
13 68 -4.65E-10
14 67 -2.74E-10
15 66 -2.521E-10
16 65 -3.408E-10
17 64 -3.308E-10
18 63 -2.656E-10
19 62 -3.731E-10
20 61 -3.417E-10
21 60 -2.766E-10
22 59 -3.37E-10
23 58 -3.377E-10
24 57 -3.064E-10
25 56 -1.932E-10
26 55 -2.826E-10
27 54 -1.713E-10
28 53 -2.114E-10
29 52 -2.978E-10
30 51 -2.61E-10
31 50 -2.156E-10
32 49 -3.174E-10
33 48 -3.046E-10
34 47 -3.419E-10
35 46 -2.914E-10
36 45 -1.328E-10
37 44 -5.032E-10
38 43 -1.1179E-09
39 42 -2.7968E-09
40 41 -6.3925E-09
41 40 -1.23911E-08
42 39 -2.17403E-08
43 38 -3.5056E-08
44 37 -5.24836E-08
45 36 -7.46976E-08
46 35 -1.02081E-07
47 34 -1.35236E-07
48 33 -1.74016E-07
49 32 -2.18568E-07
50 31 -2.69509E-07
51 30 -3.26612E-07
52 29 -3.90659E-07
53 28 -4.61081E-07
54 27 -5.3889E-07
55 26 -6.23866E-07
56 25 -7.16221E-07
57 24 -8.16765E-07
58 23 -9.24615E-07
59 22 -1.04272E-06
60 21 -1.17778E-06
61 20 -1.32161E-06
62 19 -1.47351E-06
63 18 -1.63474E-06
64 17 -1.80618E-06
65 16 -1.98645E-06
66 15 -2.17736E-06
67 14 -2.3777E-06
68 13 -2.58789E-06
69 12 -2.80926E-06
70 11 -3.0396E-06
71 10 -3.28127E-06
72 9 -3.53175E-06
73 8 -3.79309E-06
74 7 -4.06332E-06
75 6 -4.34253E-06
76 5 -4.63215E-06
77 4 -4.9302E-06
78 3 -5.23859E-06
79 2 -5.55456E-06
80 1 -5.87824E-06
81 0 -6.21252E-06
82 -1 -6.55369E-06
83 -2 -6.90349E-06
84 -3 -7.26189E-06
85 -4 -7.63058E-06
86 -5 -8.00604E-06
87 -6 -8.38922E-06
88 -7 -8.781E-06
89 -8 -9.17972E-06
90 -9 -9.58746E-06
91 -10 -1.000191E-05
92 -11 -1.04231E-05
93 -12 -1.085429E-05
94 -13 -1.129059E-05
95 -14 -1.16308E-05
96 -15 -1.20966E-05
97 -16 -1.25645E-05
98 -17 -1.30371E-05
99 -18 -1.35113E-05
100 -19 -1.39925E-05
101 -20 -1.44813E-05
102 -21 -1.49739E-05
103 -22 -1.54759E-05
104 -23 -1.59808E-05
105 -24 -1.64906E-05
106 -25 -1.70083E-05
107 -26 -1.75292E-05
108 -27 -1.80589E-05
109 -28 -1.85895E-05
110 -29 -1.91273E-05
111 -30 -1.96703E-05
112 -31 -2.02158E-05
113 -32 -2.07696E-05
114 -33 -2.13267E-05
115 -34 -2.18893E-05
116 -35 -2.2456E-05
117 -36 -2.30253E-05
118 -37 -2.35976E-05
119 -38 -2.41766E-05
120 -39 -2.47556E-05
121 -40 -2.53479E-05
122 -41 -2.59383E-05
123 -42 -2.65327E-05
124 -43 -2.7128E-05
125 -44 -2.77297E-05
126 -45 -2.8333E-05
127 -46 -2.89392E-05
128 -47 -2.95502E-05
129 -48 -3.016E-05
130 -49 -3.07752E-05
131 -50 -3.13878E-05
132 -51 -3.20074E-05
133 -52 -3.26284E-05
134 -53 -3.32486E-05
135 -54 -3.38718E-05
136 -55 -3.44976E-05
137 -56 -3.51255E-05
138 -57 -3.57473E-05
139 -58 -3.63805E-05
140 -59 -3.7006E-05
141 -60 -3.76326E-05
142 -61 -3.82647E-05
143 -62 -3.8895E-05
144 -63 -3.95283E-05
145 -64 -4.01559E-05
146 -65 -4.07844E-05
147 -66 -4.14107E-05
148 -67 -4.20322E-05
149 -68 -4.26619E-05
150 -69 -4.32847E-05
151 -70 -4.391E-05
152 -71 -4.45367E-05
153 -72 -4.51571E-05
154 -73 -4.57829E-05
155 -74 -4.63971E-05
156 -75 -4.70142E-05
157 -76 -4.76312E-05
158 -77 -4.82438E-05
159 -78 -4.88532E-05
160 -79 -4.94677E-05
161 -80 -5.00696E-05
162 -80 -4.96621E-05
163 -79 -4.82739E-05
164 -78 -4.70141E-05
165 -77 -4.58256E-05
166 -76 -4.46927E-05
167 -75 -4.36036E-05
168 -74 -4.25591E-05
169 -73 -4.15498E-05
170 -72 -4.05631E-05
171 -71 -3.96061E-05
172 -70 -3.86707E-05
173 -69 -3.77607E-05
174 -68 -3.68704E-05
175 -67 -3.59963E-05
176 -66 -3.51375E-05
177 -65 -3.43012E-05
178 -64 -3.34848E-05
179 -63 -3.26762E-05
180 -62 -3.18811E-05
181 -61 -3.11056E-05
182 -60 -3.03398E-05
183 -59 -2.95889E-05
184 -58 -2.88511E-05
185 -57 -2.81227E-05
186 -56 -2.74109E-05
187 -55 -2.6708E-05
188 -54 -2.60185E-05
189 -53 -2.53367E-05
190 -52 -2.46671E-05
191 -51 -2.40103E-05
192 -50 -2.33598E-05
193 -49 -2.27235E-05
194 -48 -2.20921E-05
195 -47 -2.14751E-05
196 -46 -2.0869E-05
197 -45 -2.02668E-05
198 -44 -1.96792E-05
199 -43 -1.90969E-05
200 -42 -1.85265E-05
201 -41 -1.79675E-05
202 -40 -1.74138E-05
203 -39 -1.68658E-05
204 -38 -1.6335E-05
205 -37 -1.58078E-05
206 -36 -1.52933E-05
207 -35 -1.47853E-05
208 -34 -1.42864E-05
209 -33 -1.3796E-05
210 -32 -1.33161E-05
211 -31 -1.28422E-05
212 -30 -1.23795E-05
213 -29 -1.19238E-05
214 -28 -1.14796E-05
215 -27 -1.1044E-05
216 -26 -1.06135E-05
217 -25 -1.01947E-05
218 -24 -9.79362E-06
219 -23 -9.43795E-06
220 -22 -9.07746E-06
221 -21 -8.71539E-06
222 -20 -8.36009E-06
223 -19 -7.97077E-06
224 -18 -7.59845E-06
225 -17 -7.23834E-06
226 -16 -6.88656E-06
227 -15 -6.54699E-06
228 -14 -6.21661E-06
229 -13 -5.89523E-06
230 -12 -5.58425E-06
231 -11 -5.28129E-06
232 -10 -4.98952E-06
233 -9 -4.70729E-06
234 -8 -4.43316E-06
235 -7 -4.16983E-06
236 -6 -3.91495E-06
237 -5 -3.66997E-06
238 -4 -3.43453E-06
239 -3 -3.20782E-06
240 -2 -2.99041E-06
241 -1 -2.78233E-06
242 0 -2.58317E-06
243 1 -2.39192E-06
244 2 -2.21027E-06
245 3 -2.03696E-06
246 4 -1.8714E-06
247 5 -1.71503E-06
248 6 -1.56621E-06
249 7 -1.42603E-06
250 8 -1.2939E-06
251 9 -1.1692E-06
252 10 -1.05292E-06
253 11 -9.47431E-07
254 12 -8.60571E-07
255 13 -7.74328E-07
256 14 -6.9253E-07
257 15 -6.15319E-07
258 16 -5.42863E-07
259 17 -4.756E-07
260 18 -4.13387E-07
261 19 -3.56432E-07
262 20 -3.04529E-07
263 21 -2.57336E-07
264 22 -2.15071E-07
265 23 -1.77202E-07
266 24 -1.43917E-07
267 25 -1.14957E-07
268 26 -9.02029E-08
269 27 -6.94034E-08
270 28 -5.17401E-08
271 29 -3.74845E-08
272 30 -2.59651E-08
273 31 -1.7271E-08
274 32 -1.07831E-08
275 33 -6.3917E-09
276 34 -3.6056E-09
277 35 -1.9136E-09
278 36 -8.622E-10
279 37 -5.012E-10
280 38 -5.065E-10
281 39 -4.528E-10
282 40 -2.703E-10
283 41 -3.153E-10
284 42 -4.627E-10
285 43 -4.699E-10
286 44 -3.693E-10
287 45 -4.136E-10
288 46 -3.267E-10
289 47 -3.587E-10
290 48 -2.735E-10
291 49 -3.374E-10
292 50 -2.78E-10
293 51 -3.716E-10
294 52 -3.825E-10
295 53 -4.05E-10
296 54 -3.212E-10
297 55 -3.404E-10
298 56 -3.995E-10
299 57 -3.891E-10
300 58 -3.303E-10
301 59 -2.486E-10
302 60 -3.575E-10
303 61 -3.309E-10
304 62 -2.962E-10
305 63 -2.954E-10
306 64 -4.019E-10
307 65 -4.334E-10
308 66 -3.914E-10
309 67 -3.866E-10
310 68 -2.691E-10
311 69 -2.817E-10
312 70 -4.106E-10
313 71 -3.301E-10
314 72 -3.772E-10
315 73 -4.143E-10
316 74 -4.192E-10
317 75 -5.548E-10
318 76 -4.068E-10
319 77 -4.209E-10
320 78 -4.58E-10
321 79 -4.304E-10
322 80 -3.211E-10

/* Append 10 */
NO. VG ID
 V A
1 80 -2.6137E-09
2 79 -1.4515E-09
3 78 -1.071E-09
4 77 -1.1187E-09
5 76 -7.743E-10
6 75 -6.038E-10
7 74 -5.656E-10
8 73 -5.327E-10
9 72 -3.945E-10
10 71 -4.247E-10
11 70 -4.236E-10
12 69 -3.716E-10
13 68 -3.543E-10
14 67 -3.991E-10
15 66 -4.15E-10
16 65 -3.514E-10
17 64 -3.46E-10
18 63 -2.774E-10
19 62 -3.276E-10
20 61 -3.391E-10
21 60 -1.889E-10
22 59 -2.459E-10
23 58 -2.825E-10
24 57 -2.473E-10
25 56 -2.7E-10
26 55 -2.39E-10
27 54 -3.067E-10
28 53 -2.859E-10
29 52 -2.285E-10
30 51 -2.179E-10
31 50 -2.784E-10
32 49 -2.721E-10
33 48 -1.449E-10
34 47 -1.689E-10
35 46 -3.183E-10
36 45 -3.854E-10
37 44 -9.721E-10
38 43 -2.5866E-09
39 42 -5.7048E-09
40 41 -1.13039E-08
41 40 -2.00106E-08
42 39 -3.24534E-08
43 38 -4.92415E-08
44 37 -7.05683E-08
45 36 -9.71194E-08
46 35 -1.29056E-07
47 34 -1.67278E-07
48 33 -2.11208E-07
49 32 -2.61292E-07
50 31 -3.18076E-07
51 30 -3.8127E-07
52 29 -4.51495E-07
53 28 -5.28724E-07
54 27 -6.13542E-07
55 26 -7.05423E-07
56 25 -8.04999E-07
57 24 -9.12992E-07
58 23 -1.0302E-06
59 22 -1.16563E-06
60 21 -1.30823E-06
61 20 -1.46067E-06
62 19 -1.62179E-06
63 18 -1.79233E-06
64 17 -1.9736E-06
65 16 -2.16392E-06
66 15 -2.36515E-06
67 14 -2.57545E-06
68 13 -2.7964E-06
69 12 -3.02832E-06
70 11 -3.26907E-06
71 10 -3.52128E-06
72 9 -3.78184E-06
73 8 -4.05362E-06
74 7 -4.33322E-06
75 6 -4.62171E-06
76 5 -4.92139E-06
77 4 -5.2283E-06
78 3 -5.54578E-06
79 2 -5.87037E-06
80 1 -6.20296E-06
81 0 -6.54575E-06
82 -1 -6.89485E-06
83 -2 -7.25391E-06
84 -3 -7.62046E-06
85 -4 -7.99667E-06
86 -5 -8.37878E-06
87 -6 -8.76886E-06
88 -7 -9.16852E-06
89 -8 -9.57327E-06
90 -9 -9.98883E-06
91 -10 -1.040899E-05
92 -11 -1.083715E-05
93 -12 -1.127453E-05
94 -13 -1.16094E-05
95 -14 -1.2076E-05
96 -15 -1.25415E-05
97 -16 -1.30113E-05
98 -17 -1.34859E-05
99 -18 -1.39646E-05
100 -19 -1.445E-05
101 -20 -1.49448E-05
102 -21 -1.54403E-05
103 -22 -1.59438E-05
104 -23 -1.64509E-05
105 -24 -1.69645E-05
106 -25 -1.74858E-05
107 -26 -1.80102E-05
108 -27 -1.85402E-05
109 -28 -1.90734E-05
110 -29 -1.96095E-05
111 -30 -2.01574E-05
112 -31 -2.07046E-05
113 -32 -2.12586E-05
114 -33 -2.18153E-05
115 -34 -2.23783E-05
116 -35 -2.29471E-05
117 -36 -2.35166E-05
118 -37 -2.40897E-05
119 -38 -2.46681E-05
120 -39 -2.52507E-05
121 -40 -2.58367E-05
122 -41 -2.64285E-05
123 -42 -2.70226E-05
124 -43 -2.76169E-05
125 -44 -2.8217E-05
126 -45 -2.88178E-05
127 -46 -2.94238E-05
128 -47 -3.00291E-05
129 -48 -3.06378E-05
130 -49 -3.12512E-05
131 -50 -3.18688E-05
132 -51 -3.24821E-05
133 -52 -3.30976E-05
134 -53 -3.37127E-05
135 -54 -3.43386E-05
136 -55 -3.49565E-05
137 -56 -3.55804E-05
138 -57 -3.6205E-05
139 -58 -3.68321E-05
140 -59 -3.74538E-05
141 -60 -3.80794E-05
142 -61 -3.87067E-05
143 -62 -3.93285E-05
144 -63 -3.99544E-05
145 -64 -4.05796E-05
146 -65 -4.1204E-05
147 -66 -4.18308E-05
148 -67 -4.24525E-05
149 -68 -4.30786E-05
150 -69 -4.37005E-05
151 -70 -4.43189E-05
152 -71 -4.49471E-05
153 -72 -4.55642E-05
154 -73 -4.61776E-05
155 -74 -4.67932E-05
156 -75 -4.74032E-05
157 -76 -4.80118E-05
158 -77 -4.86267E-05
159 -78 -4.92378E-05
160 -79 -4.98391E-05
161 -80 -5.04429E-05
162 -80 -5.0024E-05
163 -79 -4.8625E-05
164 -78 -4.73591E-05
165 -77 -4.61639E-05
166 -76 -4.50281E-05
167 -75 -4.39331E-05
168 -74 -4.28813E-05
169 -73 -4.1868E-05
170 -72 -4.0875E-05
171 -71 -3.99079E-05
172 -70 -3.8966E-05
173 -69 -3.80542E-05
174 -68 -3.71613E-05
175 -67 -3.62813E-05
176 -66 -3.54251E-05
177 -65 -3.45829E-05
178 -64 -3.37593E-05
179 -63 -3.29506E-05
180 -62 -3.21535E-05
181 -61 -3.13755E-05
182 -60 -3.06064E-05
183 -59 -2.9852E-05
184 -58 -2.91126E-05
185 -57 -2.83797E-05
186 -56 -2.76635E-05
187 -55 -2.69542E-05
188 -54 -2.62598E-05
189 -53 -2.55748E-05
190 -52 -2.49038E-05
191 -51 -2.42455E-05
192 -50 -2.35945E-05
193 -49 -2.2953E-05
194 -48 -2.23186E-05
195 -47 -2.16983E-05
196 -46 -2.10875E-05
197 -45 -2.04832E-05
198 -44 -1.98945E-05
199 -43 -1.93101E-05
200 -42 -1.87355E-05
201 -41 -1.81727E-05
202 -40 -1.7616E-05
203 -39 -1.70674E-05
204 -38 -1.65304E-05
205 -37 -1.6001E-05
206 -36 -1.54813E-05
207 -35 -1.49724E-05
208 -34 -1.44704E-05
209 -33 -1.39781E-05
210 -32 -1.34965E-05
211 -31 -1.30183E-05
212 -30 -1.2553E-05
213 -29 -1.20942E-05
214 -28 -1.16464E-05
215 -27 -1.1208E-05
216 -26 -1.07751E-05
217 -25 -1.03535E-05
218 -24 -9.94942E-06
219 -23 -9.59241E-06
220 -22 -9.22962E-06
221 -21 -8.86575E-06
222 -20 -8.50732E-06
223 -19 -8.12686E-06
224 -18 -7.74745E-06
225 -17 -7.38262E-06
226 -16 -7.02696E-06
227 -15 -6.68276E-06
228 -14 -6.34806E-06
229 -13 -6.0228E-06
230 -12 -5.70832E-06
231 -11 -5.40219E-06
232 -10 -5.10687E-06
233 -9 -4.82094E-06
234 -8 -4.54288E-06
235 -7 -4.27553E-06
236 -6 -4.01662E-06
237 -5 -3.76825E-06
238 -4 -3.52916E-06
239 -3 -3.29839E-06
240 -2 -3.07762E-06
241 -1 -2.86573E-06
242 0 -2.66352E-06
243 1 -2.46837E-06
244 2 -2.28329E-06
245 3 -2.10663E-06
246 4 -1.93754E-06
247 5 -1.77762E-06
248 6 -1.6255E-06
249 7 -1.48218E-06
250 8 -1.34673E-06
251 9 -1.21887E-06
252 10 -1.09927E-06
253 11 -9.9078E-07
254 12 -9.01301E-07
255 13 -8.12481E-07
256 14 -7.28258E-07
257 15 -6.48707E-07
258 16 -5.73687E-07
259 17 -5.04108E-07
260 18 -4.39319E-07
261 19 -3.80116E-07
262 20 -3.26017E-07
263 21 -2.76653E-07
264 22 -2.32499E-07
265 23 -1.92821E-07
266 24 -1.5779E-07
267 25 -1.26927E-07
268 26 -1.005964E-07
269 27 -7.8117E-08
270 28 -5.90089E-08
271 29 -4.336E-08
272 30 -3.08852E-08
273 31 -2.10003E-08
274 32 -1.35461E-08
275 33 -8.3172E-09
276 34 -4.8768E-09
277 35 -2.5943E-09
278 36 -1.4004E-09
279 37 -7.007E-10
280 38 -3.633E-10
281 39 -4.234E-10
282 40 -3.911E-10
283 41 -3.705E-10
284 42 -3.29E-10
285 43 -4.011E-10
286 44 -4.492E-10
287 45 -3.736E-10
288 46 -4.039E-10
289 47 -3.031E-10
290 48 -3.335E-10
291 49 -3.476E-10
292 50 -2.99E-10
293 51 -3.349E-10
294 52 -3.407E-10
295 53 -3.499E-10
296 54 -3.336E-10
297 55 -3.984E-10
298 56 -4.685E-10
299 57 -3.441E-10
300 58 -3.219E-10
301 59 -3.91E-10
302 60 -3.384E-10
303 61 -3.95E-10
304 62 -1.95E-10
305 63 -3.24E-10
306 64 -4.045E-10
307 65 -3.454E-10
308 66 -3.5E-10
309 67 -3.603E-10
310 68 -4.281E-10
311 69 -3.435E-10
312 70 -3.212E-10
313 71 -3.105E-10
314 72 -2.611E-10
315 73 -3.332E-10
316 74 -4.078E-10
317 75 -2.535E-10
318 76 -3.64E-10
319 77 -4.263E-10
320 78 -4.361E-10
321 79 -4.749E-10
322 80 -3.969E-10

/* Append 11 */
NO. VG ID
 V A
1 80 -2.8187E-09
2 79 -1.6079E-09
3 78 -1.0828E-09
4 77 -9.528E-10
5 76 -7.079E-10
6 75 -6.316E-10
7 74 -6.02E-10
8 73 -5.442E-10
9 72 -5.207E-10
10 71 -5.6E-10
11 70 -5.01E-10
12 69 -4.003E-10
13 68 -3.092E-10
14 67 -3.265E-10
15 66 -3.507E-10
16 65 -2.489E-10
17 64 -3.021E-10
18 63 -4.201E-10
19 62 -2.506E-10
20 61 -3.805E-10
21 60 -3.795E-10
22 59 -2.533E-10
23 58 -2.371E-10
24 57 -2.957E-10
25 56 -8.67E-11
26 55 -2.651E-10
27 54 -2.08E-10
28 53 -2.492E-10
29 52 -3.44E-10
30 51 -2.429E-10
31 50 -2.973E-10
32 49 -2.824E-10
33 48 -1.503E-10
34 47 -1.361E-10
35 46 -4.6127E-10
36 45 -4.793E-10
37 44 -8.291E-10
38 43 -2.2967E-09
39 42 -5.2529E-09
40 41 -1.04842E-08
41 40 -1.87559E-08
42 39 -3.06537E-08
43 38 -4.64737E-08
44 37 -6.69711E-08
45 36 -9.22888E-08
46 35 -1.22713E-07
47 34 -1.59234E-07
48 33 -2.01507E-07
49 32 -2.49553E-07
50 31 -3.0427E-07
51 30 -3.65158E-07
52 29 -4.33076E-07
53 28 -5.07448E-07
54 27 -5.89515E-07
55 26 -6.78562E-07
56 25 -7.75216E-07
57 24 -8.80028E-07
58 23 -9.92442E-07
59 22 -1.115E-06
60 21 -1.25511E-06
61 20 -1.40371E-06
62 19 -1.56065E-06
63 18 -1.72685E-06
64 17 -1.90321E-06
65 16 -2.08847E-06
66 15 -2.28479E-06
67 14 -2.49007E-06
68 13 -2.7055E-06
69 12 -2.93194E-06
70 11 -3.1677E-06
71 10 -3.41435E-06
72 9 -3.66957E-06
73 8 -3.93537E-06
74 7 -4.21057E-06
75 6 -4.49443E-06
76 5 -4.7886E-06
77 4 -5.0902E-06
78 3 -5.40221E-06
79 2 -5.72211E-06
80 1 -6.05028E-06
81 0 -6.38916E-06
82 -1 -6.73367E-06
83 -2 -7.08762E-06
84 -3 -7.45069E-06
85 -4 -7.82374E-06
86 -5 -8.2026E-06
87 -6 -8.59032E-06
88 -7 -8.98731E-06
89 -8 -9.3904E-06
90 -9 -9.80319E-06
91 -10 -1.02215E-05
92 -11 -1.064683E-05
93 -12 -1.108175E-05
94 -13 -1.14294E-05
95 -14 -1.18949E-05
96 -15 -1.23578E-05
97 -16 -1.28252E-05
98 -17 -1.32995E-05
99 -18 -1.37787E-05
100 -19 -1.42615E-05
101 -20 -1.47559E-05
102 -21 -1.52506E-05
103 -22 -1.57556E-05
104 -23 -1.6263E-05
105 -24 -1.67773E-05
106 -25 -1.72993E-05
107 -26 -1.78245E-05
108 -27 -1.83577E-05
109 -28 -1.88953E-05
110 -29 -1.94366E-05
111 -30 -1.99837E-05
112 -31 -2.05355E-05
113 -32 -2.10942E-05
114 -33 -2.16522E-05
115 -34 -2.22198E-05
116 -35 -2.27928E-05
117 -36 -2.33682E-05
118 -37 -2.39463E-05
119 -38 -2.45302E-05
120 -39 -2.51156E-05
121 -40 -2.57106E-05
122 -41 -2.63066E-05
123 -42 -2.69043E-05
124 -43 -2.75058E-05
125 -44 -2.81133E-05
126 -45 -2.87212E-05
127 -46 -2.93352E-05
128 -47 -2.99489E-05
129 -48 -3.05634E-05
130 -49 -3.11841E-05
131 -50 -3.18066E-05
132 -51 -3.24303E-05
133 -52 -3.30571E-05
134 -53 -3.36816E-05
135 -54 -3.43123E-05
136 -55 -3.49434E-05
137 -56 -3.5576E-05
138 -57 -3.62037E-05
139 -58 -3.684E-05
140 -59 -3.74726E-05
141 -60 -3.81023E-05
142 -61 -3.87386E-05
143 -62 -3.93683E-05
144 -63 -4.00068E-05
145 -64 -4.06418E-05
146 -65 -4.12728E-05
147 -66 -4.19092E-05
148 -67 -4.25398E-05
149 -68 -4.31677E-05
150 -69 -4.37952E-05
151 -70 -4.44253E-05
152 -71 -4.50578E-05
153 -72 -4.56817E-05
154 -73 -4.63093E-05
155 -74 -4.69325E-05
156 -75 -4.75491E-05
157 -76 -4.81726E-05
158 -77 -4.87819E-05
159 -78 -4.94039E-05
160 -79 -5.00181E-05
161 -80 -5.06309E-05
162 -80 -5.02207E-05
163 -79 -4.88266E-05
164 -78 -4.75582E-05
165 -77 -4.63632E-05
166 -76 -4.52305E-05
167 -75 -4.41332E-05
168 -74 -4.30817E-05
169 -73 -4.20647E-05
170 -72 -4.10728E-05
171 -71 -4.01109E-05
172 -70 -3.91636E-05
173 -69 -3.82487E-05
174 -68 -3.73507E-05
175 -67 -3.64756E-05
176 -66 -3.56154E-05
177 -65 -3.47737E-05
178 -64 -3.39468E-05
179 -63 -3.31364E-05
180 -62 -3.23402E-05
181 -61 -3.15537E-05
182 -60 -3.07826E-05
183 -59 -3.00256E-05
184 -58 -2.92844E-05
185 -57 -2.85488E-05
186 -56 -2.78304E-05
187 -55 -2.71202E-05
188 -54 -2.64243E-05
189 -53 -2.57383E-05
190 -52 -2.50658E-05
191 -51 -2.44028E-05
192 -50 -2.37451E-05
193 -49 -2.31033E-05
194 -48 -2.24702E-05
195 -47 -2.18453E-05
196 -46 -2.12326E-05
197 -45 -2.06273E-05
198 -44 -2.0035E-05
199 -43 -1.94462E-05
200 -42 -1.88719E-05
201 -41 -1.83048E-05
202 -40 -1.77471E-05
203 -39 -1.7196E-05
204 -38 -1.66572E-05
205 -37 -1.61257E-05
206 -36 -1.56039E-05
207 -35 -1.50926E-05
208 -34 -1.45875E-05
209 -33 -1.40929E-05
210 -32 -1.36064E-05
211 -31 -1.31265E-05
212 -30 -1.26587E-05
213 -29 -1.21983E-05
214 -28 -1.17477E-05
215 -27 -1.13054E-05
216 -26 -1.08717E-05
217 -25 -1.04459E-05
218 -24 -1.00294E-05
219 -23 -9.63295E-06
220 -22 -9.28188E-06
221 -21 -8.92349E-06
222 -20 -8.56741E-06
223 -19 -8.18761E-06
224 -18 -7.80883E-06
225 -17 -7.44384E-06
226 -16 -7.08732E-06
227 -15 -6.74367E-06
228 -14 -6.40876E-06
229 -13 -6.08208E-06
230 -12 -5.76664E-06
231 -11 -5.45963E-06
232 -10 -5.16368E-06
233 -9 -4.87669E-06
234 -8 -4.59821E-06
235 -7 -4.32998E-06
236 -6 -4.07031E-06
237 -5 -3.82044E-06
238 -4 -3.58028E-06
239 -3 -3.34816E-06
240 -2 -3.12623E-06
241 -1 -2.91294E-06
242 0 -2.70914E-06
243 1 -2.51311E-06
244 2 -2.32623E-06
245 3 -2.14823E-06
246 4 -1.97767E-06
247 5 -1.8166E-06
248 6 -1.6626E-06
249 7 -1.51754E-06
250 8 -1.38036E-06
251 9 -1.25098E-06
252 10 -1.12971E-06
253 11 -1.01571E-06
254 12 -9.13098E-07
255 13 -8.27744E-07
256 14 -7.44465E-07
257 15 -6.64917E-07
258 16 -5.89693E-07
259 17 -5.19594E-07
260 18 -4.54299E-07
261 19 -3.94092E-07
262 20 -3.39214E-07
263 21 -2.888E-07
264 22 -2.43612E-07
265 23 -2.03053E-07
266 24 -1.66961E-07
267 25 -1.35153E-07
268 26 -1.07606E-07
269 27 -8.41872E-08
270 28 -6.42598E-08
271 29 -4.77521E-08
272 30 -3.42841E-08
273 31 -2.37606E-08
274 32 -1.57692E-08
275 33 -9.7954E-09
276 34 -5.8281E-09
277 35 -3.295E-09
278 36 -1.8363E-09
279 37 -9.068E-10
280 38 -7.214E-10
281 39 -5.444E-10
282 40 -3.841E-10
283 41 -3.346E-10
284 42 -2.643E-10
285 43 -3.904E-10
286 44 -3.292E-10
287 45 -3.258E-10
288 46 -3.228E-10
289 47 -4.598E-10
290 48 -4.079E-10
291 49 -3.725E-10
292 50 -4.028E-10
293 51 -4.049E-10
294 52 -3.076E-10
295 53 -2.881E-10
296 54 -2.641E-10
297 55 -3.408E-10
298 56 -3.236E-10
299 57 -1.651E-10
300 58 -3.409E-10
301 59 -3.769E-10
302 60 -3.95E-10
303 61 -3.375E-10
304 62 -4.166E-10
305 63 -4.615E-10
306 64 -3.447E-10
307 65 -2.977E-10
308 66 -3.117E-10
309 67 -3.723E-10
310 68 -3.222E-10
311 69 -3.403E-10
312 70 -3.515E-10
313 71 -3.922E-10
314 72 -3.138E-10
315 73 -3.741E-10
316 74 -4.489E-10
317 75 -4.25E-10
318 76 -4.486E-10
319 77 -2.71E-10
320 78 -4.162E-10
321 79 -3.353E-10
322 80 -3.018E-10
