FET Vgs-Id
VG= 80 to -80 in -1 step
/* Append 1 */
VG= 80 to -80 in -1 step
/* Append 2 */
VG= 80 to -80 in -1 step
/* Append 3 */
VG= 80 to -80 in -1 step
/* Append 4 */
VG= 80 to -80 in -1 step
/* Append 5 */
VG= 80 to -80 in -1 step
/* Append 6 */
VG= 80 to -80 in -1 step
/* Append 7 */
VG= 80 to -80 in -1 step
/* Append 8 */
VG= 80 to -80 in -1 step
/* Append 9 */
VG= 80 to -80 in -1 step
/* Append 10 */
VG= 80 to -80 in -1 step
NO. VG ID
 V A
1 80 -2.9296E-09
2 79 -1.5864E-09
3 78 -1.1423E-09
4 77 -7.839E-10
5 76 -6.905E-10
6 75 -5.658E-10
7 74 -4.678E-10
8 73 -4.798E-10
9 72 -2.793E-10
10 71 -3.651E-10
11 70 -3.196E-10
12 69 -2.523E-10
13 68 -2.226E-10
14 67 -2.535E-10
15 66 -2.479E-10
16 65 -2.027E-10
17 64 -1.514E-10
18 63 -1.619E-10
19 62 -1.377E-10
20 61 -1.038E-10
21 60 -1.308E-10
22 59 -4.31E-11
23 58 -1.002E-10
24 57 -6.75E-11
25 56 -8.06E-11
26 55 -7.09E-11
27 54 -2.45E-11
28 53 -6.21E-11
29 52 -3.61E-11
30 51 -3.5E-12
31 50 3.9E-12
32 49 9E-13
33 48 -4.4E-12
34 47 -1.37E-11
35 46 -1.9E-12
36 45 -3.03E-11
37 44 6.31E-11
38 43 1.5E-11
39 42 3.35E-11
40 41 -8E-11
41 40 6.6E-12
42 39 -5.1E-12
43 38 -1.86E-10
44 37 -7.73E-11
45 36 -7.63E-11
46 35 -3.73E-10
47 34 -1.5456E-09
48 33 -4.7008E-09
49 32 -1.021E-08
50 31 -1.8995E-08
51 30 -3.10583E-08
52 29 -4.68487E-08
53 28 -6.63203E-08
54 27 -8.99936E-08
55 26 -1.17845E-07
56 25 -1.50536E-07
57 24 -1.8766E-07
58 23 -2.29623E-07
59 22 -2.76652E-07
60 21 -3.28799E-07
61 20 -3.86524E-07
62 19 -4.49771E-07
63 18 -5.1884E-07
64 17 -5.94239E-07
65 16 -6.76054E-07
66 15 -7.6485E-07
67 14 -8.60283E-07
68 13 -9.6289E-07
69 12 -1.07423E-06
70 11 -1.20661E-06
71 10 -1.34457E-06
72 9 -1.48938E-06
73 8 -1.64273E-06
74 7 -1.80358E-06
75 6 -1.9727E-06
76 5 -2.15086E-06
77 4 -2.3363E-06
78 3 -2.53103E-06
79 2 -2.73315E-06
80 1 -2.94373E-06
81 0 -3.16167E-06
82 -1 -3.3866E-06
83 -2 -3.62033E-06
84 -3 -3.8615E-06
85 -4 -4.11122E-06
86 -5 -4.36607E-06
87 -6 -4.62761E-06
88 -7 -4.89729E-06
89 -8 -5.17218E-06
90 -9 -5.45392E-06
91 -10 -5.74042E-06
92 -11 -6.03278E-06
93 -12 -6.33125E-06
94 -13 -6.63365E-06
95 -14 -6.94293E-06
96 -15 -7.25521E-06
97 -16 -7.57219E-06
98 -17 -7.89383E-06
99 -18 -8.21979E-06
100 -19 -8.55061E-06
101 -20 -8.88445E-06
102 -21 -9.22154E-06
103 -22 -9.56492E-06
104 -23 -9.90921E-06
105 -24 -1.025789E-05
106 -25 -1.061092E-05
107 -26 -1.096645E-05
108 -27 -1.132679E-05
109 -28 -1.15174E-05
110 -29 -1.19154E-05
111 -30 -1.23032E-05
112 -31 -1.26854E-05
113 -32 -1.30715E-05
114 -33 -1.34554E-05
115 -34 -1.38428E-05
116 -35 -1.42355E-05
117 -36 -1.46288E-05
118 -37 -1.50233E-05
119 -38 -1.54198E-05
120 -39 -1.58208E-05
121 -40 -1.62274E-05
122 -41 -1.66332E-05
123 -42 -1.70426E-05
124 -43 -1.74535E-05
125 -44 -1.78715E-05
126 -45 -1.82885E-05
127 -46 -1.87133E-05
128 -47 -1.91413E-05
129 -48 -1.95708E-05
130 -49 -2.00049E-05
131 -50 -2.04392E-05
132 -51 -2.08811E-05
133 -52 -2.13257E-05
134 -53 -2.17745E-05
135 -54 -2.22235E-05
136 -55 -2.26781E-05
137 -56 -2.31371E-05
138 -57 -2.35995E-05
139 -58 -2.40667E-05
140 -59 -2.45346E-05
141 -60 -2.50072E-05
142 -61 -2.54863E-05
143 -62 -2.59652E-05
144 -63 -2.6452E-05
145 -64 -2.69361E-05
146 -65 -2.743E-05
147 -66 -2.7925E-05
148 -67 -2.84264E-05
149 -68 -2.89272E-05
150 -69 -2.94342E-05
151 -70 -2.99481E-05
152 -71 -3.0457E-05
153 -72 -3.09736E-05
154 -73 -3.14962E-05
155 -74 -3.20109E-05
156 -75 -3.25422E-05
157 -76 -3.30684E-05
158 -77 -3.35927E-05
159 -78 -3.41314E-05
160 -79 -3.46614E-05
161 -80 -3.52074E-05
162 -80 -3.49299E-05
163 -79 -3.38604E-05
164 -78 -3.28898E-05
165 -77 -3.19706E-05
166 -76 -3.11012E-05
167 -75 -3.02645E-05
168 -74 -2.94592E-05
169 -73 -2.86819E-05
170 -72 -2.79237E-05
171 -71 -2.71961E-05
172 -70 -2.64805E-05
173 -69 -2.57829E-05
174 -68 -2.51054E-05
175 -67 -2.44422E-05
176 -66 -2.37967E-05
177 -65 -2.31613E-05
178 -64 -2.25441E-05
179 -63 -2.19403E-05
180 -62 -2.1345E-05
181 -61 -2.07641E-05
182 -60 -2.01958E-05
183 -59 -1.96381E-05
184 -58 -1.90915E-05
185 -57 -1.85543E-05
186 -56 -1.80295E-05
187 -55 -1.75122E-05
188 -54 -1.7006E-05
189 -53 -1.65123E-05
190 -52 -1.60225E-05
191 -51 -1.55452E-05
192 -50 -1.50774E-05
193 -49 -1.4619E-05
194 -48 -1.41671E-05
195 -47 -1.37248E-05
196 -46 -1.32924E-05
197 -45 -1.28642E-05
198 -44 -1.24483E-05
199 -43 -1.20376E-05
200 -42 -1.16369E-05
201 -41 -1.12432E-05
202 -40 -1.08559E-05
203 -39 -1.0475E-05
204 -38 -1.01042E-05
205 -37 -9.75739E-06
206 -36 -9.47644E-06
207 -35 -9.17909E-06
208 -34 -8.87529E-06
209 -33 -8.57258E-06
210 -32 -8.23075E-06
211 -31 -7.87825E-06
212 -30 -7.54504E-06
213 -29 -7.22045E-06
214 -28 -6.90668E-06
215 -27 -6.60088E-06
216 -26 -6.30277E-06
217 -25 -6.01353E-06
218 -24 -5.73094E-06
219 -23 -5.45635E-06
220 -22 -5.1898E-06
221 -21 -4.93001E-06
222 -20 -4.67844E-06
223 -19 -4.43309E-06
224 -18 -4.1944E-06
225 -17 -3.96468E-06
226 -16 -3.74036E-06
227 -15 -3.52456E-06
228 -14 -3.31448E-06
229 -13 -3.11152E-06
230 -12 -2.91648E-06
231 -11 -2.72805E-06
232 -10 -2.54741E-06
233 -9 -2.37368E-06
234 -8 -2.20676E-06
235 -7 -2.04758E-06
236 -6 -1.89508E-06
237 -5 -1.75017E-06
238 -4 -1.61228E-06
239 -3 -1.48114E-06
240 -2 -1.35713E-06
241 -1 -1.2399E-06
242 0 -1.13058E-06
243 1 -1.02687E-06
244 2 -9.3616E-07
245 3 -8.71257E-07
246 4 -8.01927E-07
247 5 -7.33719E-07
248 6 -6.66816E-07
249 7 -6.02857E-07
250 8 -5.41798E-07
251 9 -4.83244E-07
252 10 -4.28509E-07
253 11 -3.76639E-07
254 12 -3.28386E-07
255 13 -2.83694E-07
256 14 -2.42111E-07
257 15 -2.04493E-07
258 16 -1.69926E-07
259 17 -1.39288E-07
260 18 -1.11703E-07
261 19 -8.7828E-08
262 20 -6.73483E-08
263 21 -5.00921E-08
264 22 -3.58034E-08
265 23 -2.44527E-08
266 24 -1.59999E-08
267 25 -9.7581E-09
268 26 -5.4613E-09
269 27 -2.9359E-09
270 28 -1.5705E-09
271 29 -7.779E-10
272 30 -6.041E-10
273 31 -4.827E-10
274 32 -4.486E-10
275 33 -4.632E-10
276 34 -3.353E-10
277 35 -4.984E-10
278 36 -4.507E-10
279 37 -3.62E-10
280 38 -4.476E-10
281 39 -4.073E-10
282 40 -5.431E-10
283 41 -4.573E-10
284 42 -4.287E-10
285 43 -5.244E-10
286 44 -4.467E-10
287 45 -4.155E-10
288 46 -3.042E-10
289 47 -3.309E-10
290 48 -5.065E-10
291 49 -3.406E-10
292 50 -3.878E-10
293 51 -5.166E-10
294 52 -4.35E-10
295 53 -5.141E-10
296 54 -4.951E-10
297 55 -2.624E-10
298 56 -3.745E-10
299 57 -4.413E-10
300 58 -4.447E-10
301 59 -3.137E-10
302 60 -3.182E-10
303 61 -5.955E-10
304 62 -4.969E-10
305 63 -3.747E-10
306 64 -4.981E-10
307 65 -3.063E-10
308 66 -4.443E-10
309 67 -4.654E-10
310 68 -3.048E-10
311 69 -4.081E-10
312 70 -5.445E-10
313 71 -4.33E-10
314 72 -3.978E-10
315 73 -4.593E-10
316 74 -5.477E-10
317 75 -4.752E-10
318 76 -3.388E-10
319 77 -3.757E-10
320 78 -4.353E-10
321 79 -4.719E-10
322 80 -3.375E-10

/* Append 1 */
NO. VG ID
 V A
1 80 -3.1827E-09
2 79 -1.8025E-09
3 78 -1.3228E-09
4 77 -1.0765E-09
5 76 -8.532E-10
6 75 -8.467E-10
7 74 -7.841E-10
8 73 -6.325E-10
9 72 -7.061E-10
10 71 -6.689E-10
11 70 -4.521E-10
12 69 -4.157E-10
13 68 -4.966E-10
14 67 -5.235E-10
15 66 -2.836E-10
16 65 -3.873E-10
17 64 -4.811E-10
18 63 -4.167E-10
19 62 -3.357E-10
20 61 -4.351E-10
21 60 -4.4E-10
22 59 -3.758E-10
23 58 -2.709E-10
24 57 -1.982E-10
25 56 -3.281E-10
26 55 -2.51E-10
27 54 -1.742E-10
28 53 -2.436E-10
29 52 -3.62E-10
30 51 -2.871E-10
31 50 -1.804E-10
32 49 -2.864E-10
33 48 -3.017E-10
34 47 -3.337E-10
35 46 -2.163E-10
36 45 -1.099E-10
37 44 -2.379E-10
38 43 -1.964E-10
39 42 -1.809E-10
40 41 -2.324E-10
41 40 -2.759E-10
42 39 -2.945E-10
43 38 -6.667E-10
44 37 -2.7865E-09
45 36 -6.6538E-09
46 35 -1.34017E-08
47 34 -2.34762E-08
48 33 -3.71364E-08
49 32 -5.48402E-08
50 31 -7.63959E-08
51 30 -1.02505E-07
52 29 -1.33375E-07
53 28 -1.68584E-07
54 27 -2.08728E-07
55 26 -2.53406E-07
56 25 -3.02978E-07
57 24 -3.57923E-07
58 23 -4.18046E-07
59 22 -4.83819E-07
60 21 -5.54997E-07
61 20 -6.32517E-07
62 19 -7.16031E-07
63 18 -8.06047E-07
64 17 -9.03369E-07
65 16 -1.00924E-06
66 15 -1.13627E-06
67 14 -1.26843E-06
68 13 -1.40931E-06
69 12 -1.55777E-06
70 11 -1.71479E-06
71 10 -1.88069E-06
72 9 -2.05459E-06
73 8 -2.2379E-06
74 7 -2.42861E-06
75 6 -2.628E-06
76 5 -2.83606E-06
77 4 -3.05136E-06
78 3 -3.27567E-06
79 2 -3.50702E-06
80 1 -3.74607E-06
81 0 -3.99187E-06
82 -1 -4.24373E-06
83 -2 -4.50376E-06
84 -3 -4.7704E-06
85 -4 -5.04431E-06
86 -5 -5.32365E-06
87 -6 -5.60882E-06
88 -7 -5.90128E-06
89 -8 -6.1985E-06
90 -9 -6.50263E-06
91 -10 -6.81052E-06
92 -11 -7.12387E-06
93 -12 -7.44404E-06
94 -13 -7.7667E-06
95 -14 -8.09635E-06
96 -15 -8.42893E-06
97 -16 -8.76552E-06
98 -17 -9.10831E-06
99 -18 -9.45323E-06
100 -19 -9.80397E-06
101 -20 -1.015651E-05
102 -21 -1.051352E-05
103 -22 -1.087527E-05
104 -23 -1.123942E-05
105 -24 -1.14395E-05
106 -25 -1.18457E-05
107 -26 -1.22371E-05
108 -27 -1.26292E-05
109 -28 -1.30194E-05
110 -29 -1.34135E-05
111 -30 -1.38112E-05
112 -31 -1.42084E-05
113 -32 -1.46107E-05
114 -33 -1.50147E-05
115 -34 -1.54197E-05
116 -35 -1.58306E-05
117 -36 -1.62443E-05
118 -37 -1.66615E-05
119 -38 -1.708E-05
120 -39 -1.75034E-05
121 -40 -1.79299E-05
122 -41 -1.83606E-05
123 -42 -1.87937E-05
124 -43 -1.92305E-05
125 -44 -1.96747E-05
126 -45 -2.0118E-05
127 -46 -2.05655E-05
128 -47 -2.10176E-05
129 -48 -2.14714E-05
130 -49 -2.19319E-05
131 -50 -2.23957E-05
132 -51 -2.28607E-05
133 -52 -2.33334E-05
134 -53 -2.38106E-05
135 -54 -2.42861E-05
136 -55 -2.47666E-05
137 -56 -2.52534E-05
138 -57 -2.57447E-05
139 -58 -2.6239E-05
140 -59 -2.67348E-05
141 -60 -2.72332E-05
142 -61 -2.77387E-05
143 -62 -2.82433E-05
144 -63 -2.8759E-05
145 -64 -2.92715E-05
146 -65 -2.97908E-05
147 -66 -3.03114E-05
148 -67 -3.08332E-05
149 -68 -3.13579E-05
150 -69 -3.18908E-05
151 -70 -3.24236E-05
152 -71 -3.2958E-05
153 -72 -3.34958E-05
154 -73 -3.40384E-05
155 -74 -3.45799E-05
156 -75 -3.51255E-05
157 -76 -3.56715E-05
158 -77 -3.62218E-05
159 -78 -3.67781E-05
160 -79 -3.73307E-05
161 -80 -3.78864E-05
162 -80 -3.75902E-05
163 -79 -3.64618E-05
164 -78 -3.54336E-05
165 -77 -3.44638E-05
166 -76 -3.3538E-05
167 -75 -3.26584E-05
168 -74 -3.1807E-05
169 -73 -3.09863E-05
170 -72 -3.01823E-05
171 -71 -2.94091E-05
172 -70 -2.86553E-05
173 -69 -2.792E-05
174 -68 -2.72025E-05
175 -67 -2.64984E-05
176 -66 -2.58194E-05
177 -65 -2.51447E-05
178 -64 -2.44918E-05
179 -63 -2.38511E-05
180 -62 -2.32208E-05
181 -61 -2.26071E-05
182 -60 -2.2E-05
183 -59 -2.14091E-05
184 -58 -2.08308E-05
185 -57 -2.02599E-05
186 -56 -1.97019E-05
187 -55 -1.91538E-05
188 -54 -1.86177E-05
189 -53 -1.80888E-05
190 -52 -1.757E-05
191 -51 -1.70631E-05
192 -50 -1.65632E-05
193 -49 -1.60754E-05
194 -48 -1.55934E-05
195 -47 -1.51235E-05
196 -46 -1.46622E-05
197 -45 -1.42084E-05
198 -44 -1.37643E-05
199 -43 -1.3326E-05
200 -42 -1.28974E-05
201 -41 -1.24778E-05
202 -40 -1.2065E-05
203 -39 -1.16581E-05
204 -38 -1.12638E-05
205 -37 -1.08769E-05
206 -36 -1.04942E-05
207 -35 -1.01218E-05
208 -34 -9.771E-06
209 -33 -9.49313E-06
210 -32 -9.19732E-06
211 -31 -8.89468E-06
212 -30 -8.59402E-06
213 -29 -8.24893E-06
214 -28 -7.89754E-06
215 -27 -7.56184E-06
216 -26 -7.23585E-06
217 -25 -6.92114E-06
218 -24 -6.61335E-06
219 -23 -6.31593E-06
220 -22 -6.02634E-06
221 -21 -5.74257E-06
222 -20 -5.46892E-06
223 -19 -5.20184E-06
224 -18 -4.94109E-06
225 -17 -4.68889E-06
226 -16 -4.44307E-06
227 -15 -4.20543E-06
228 -14 -3.97505E-06
229 -13 -3.75012E-06
230 -12 -3.53373E-06
231 -11 -3.32377E-06
232 -10 -3.1219E-06
233 -9 -2.92757E-06
234 -8 -2.73954E-06
235 -7 -2.55935E-06
236 -6 -2.38571E-06
237 -5 -2.22074E-06
238 -4 -2.06245E-06
239 -3 -1.91099E-06
240 -2 -1.76782E-06
241 -1 -1.63193E-06
242 0 -1.5039E-06
243 1 -1.38181E-06
244 2 -1.266E-06
245 3 -1.15739E-06
246 4 -1.05438E-06
247 5 -9.65041E-07
248 6 -9.01942E-07
249 7 -8.33741E-07
250 8 -7.64945E-07
251 9 -6.97403E-07
252 10 -6.32244E-07
253 11 -5.69326E-07
254 12 -5.0955E-07
255 13 -4.52929E-07
256 14 -3.99251E-07
257 15 -3.49134E-07
258 16 -3.02365E-07
259 17 -2.59388E-07
260 18 -2.19633E-07
261 19 -1.83481E-07
262 20 -1.50957E-07
263 21 -1.22018E-07
264 22 -9.68373E-08
265 23 -7.50234E-08
266 24 -5.64412E-08
267 25 -4.0925E-08
268 26 -2.84599E-08
269 27 -1.88368E-08
270 28 -1.16688E-08
271 29 -6.8479E-09
272 30 -3.7877E-09
273 31 -1.9281E-09
274 32 -9.626E-10
275 33 -6.884E-10
276 34 -4.739E-10
277 35 -4.282E-10
278 36 -3.807E-10
279 37 -4.164E-10
280 38 -4.113E-10
281 39 -3.976E-10
282 40 -4.514E-10
283 41 -3.835E-10
284 42 -4.566E-10
285 43 -3.332E-10
286 44 -4.005E-10
287 45 -2.554E-10
288 46 -3.402E-10
289 47 -3.66E-10
290 48 -2.736E-10
291 49 -4.427E-10
292 50 -5.245E-10
293 51 -4.806E-10
294 52 -5.322E-10
295 53 -4.772E-10
296 54 -3.015E-10
297 55 -3.61E-10
298 56 -4.17E-10
299 57 -4.908E-10
300 58 -5.114E-10
301 59 -4.456E-10
302 60 -4.124E-10
303 61 -5.093E-10
304 62 -5.191E-10
305 63 -4E-10
306 64 -3.381E-10
307 65 -4.209E-10
308 66 -3.942E-10
309 67 -3.248E-10
310 68 -4.29E-10
311 69 -5.168E-10
312 70 -4.622E-10
313 71 -4.821E-10
314 72 -5.106E-10
315 73 -6.35E-10
316 74 -4.703E-10
317 75 -3.223E-10
318 76 -3.908E-10
319 77 -5.038E-10
320 78 -4.859E-10
321 79 -4.349E-10
322 80 -5.144E-10

/* Append 2 */
NO. VG ID
 V A
1 80 -3.1783E-09
2 79 -1.9595E-09
3 78 -1.3597E-09
4 77 -9.466E-10
5 76 -8.699E-10
6 75 -7.244E-10
7 74 -6.804E-10
8 73 -5.953E-10
9 72 -6.413E-10
10 71 -6.274E-10
11 70 -5.559E-10
12 69 -5.345E-10
13 68 -4.332E-10
14 67 -3.277E-10
15 66 -4.414E-10
16 65 -4.188E-10
17 64 -4.161E-10
18 63 -3.573E-10
19 62 -4.418E-10
20 61 -4.398E-10
21 60 -3.917E-10
22 59 -2.937E-10
23 58 -3.424E-10
24 57 -3.236E-10
25 56 -2.471E-10
26 55 -3.348E-10
27 54 -2.645E-10
28 53 -3.294E-10
29 52 -3.568E-10
30 51 -3.73E-10
31 50 -3.528E-10
32 49 -2.374E-10
33 48 -2.822E-10
34 47 -2.232E-10
35 46 -1.119E-10
36 45 -3.257E-10
37 44 -3.926E-10
38 43 -2.772E-10
39 42 -5.636E-10
40 41 -1.8118E-09
41 40 -4.7716E-09
42 39 -1.04017E-08
43 38 -1.91687E-08
44 37 -3.15641E-08
45 36 -4.77706E-08
46 35 -6.83318E-08
47 34 -9.35473E-08
48 33 -1.22955E-07
49 32 -1.5802E-07
50 31 -1.97631E-07
51 30 -2.42249E-07
52 29 -2.92139E-07
53 28 -3.46837E-07
54 27 -4.07493E-07
55 26 -4.73264E-07
56 25 -5.44909E-07
57 24 -6.22797E-07
58 23 -7.06408E-07
59 22 -7.96642E-07
60 21 -8.92546E-07
61 20 -9.9735E-07
62 19 -1.1215E-06
63 18 -1.25129E-06
64 17 -1.38881E-06
65 16 -1.53373E-06
66 15 -1.6877E-06
67 14 -1.84992E-06
68 13 -2.02179E-06
69 12 -2.20192E-06
70 11 -2.39061E-06
71 10 -2.58925E-06
72 9 -2.79517E-06
73 8 -3.01033E-06
74 7 -3.23254E-06
75 6 -3.46205E-06
76 5 -3.701E-06
77 4 -3.94525E-06
78 3 -4.19885E-06
79 2 -4.45714E-06
80 1 -4.72399E-06
81 0 -4.99543E-06
82 -1 -5.27303E-06
83 -2 -5.5577E-06
84 -3 -5.8484E-06
85 -4 -6.14597E-06
86 -5 -6.44812E-06
87 -6 -6.75536E-06
88 -7 -7.07033E-06
89 -8 -7.38856E-06
90 -9 -7.71343E-06
91 -10 -8.04116E-06
92 -11 -8.37483E-06
93 -12 -8.71308E-06
94 -13 -9.05514E-06
95 -14 -9.40246E-06
96 -15 -9.75406E-06
97 -16 -1.010896E-05
98 -17 -1.0469E-05
99 -18 -1.083088E-05
100 -19 -1.119898E-05
101 -20 -1.14077E-05
102 -21 -1.1813E-05
103 -22 -1.22083E-05
104 -23 -1.26005E-05
105 -24 -1.29932E-05
106 -25 -1.33897E-05
107 -26 -1.37876E-05
108 -27 -1.41911E-05
109 -28 -1.45937E-05
110 -29 -1.49989E-05
111 -30 -1.54096E-05
112 -31 -1.58214E-05
113 -32 -1.62388E-05
114 -33 -1.66571E-05
115 -34 -1.70787E-05
116 -35 -1.75049E-05
117 -36 -1.79342E-05
118 -37 -1.83678E-05
119 -38 -1.8804E-05
120 -39 -1.92431E-05
121 -40 -1.96885E-05
122 -41 -2.01363E-05
123 -42 -2.05832E-05
124 -43 -2.10392E-05
125 -44 -2.14993E-05
126 -45 -2.19595E-05
127 -46 -2.24267E-05
128 -47 -2.28924E-05
129 -48 -2.3364E-05
130 -49 -2.38416E-05
131 -50 -2.43196E-05
132 -51 -2.48037E-05
133 -52 -2.52929E-05
134 -53 -2.57839E-05
135 -54 -2.62758E-05
136 -55 -2.67732E-05
137 -56 -2.72784E-05
138 -57 -2.77781E-05
139 -58 -2.82867E-05
140 -59 -2.87948E-05
141 -60 -2.93119E-05
142 -61 -2.98282E-05
143 -62 -3.03496E-05
144 -63 -3.08755E-05
145 -64 -3.14016E-05
146 -65 -3.19258E-05
147 -66 -3.24596E-05
148 -67 -3.29938E-05
149 -68 -3.35327E-05
150 -69 -3.40679E-05
151 -70 -3.46155E-05
152 -71 -3.51599E-05
153 -72 -3.57039E-05
154 -73 -3.62516E-05
155 -74 -3.68002E-05
156 -75 -3.73555E-05
157 -76 -3.79065E-05
158 -77 -3.84494E-05
159 -78 -3.90077E-05
160 -79 -3.95622E-05
161 -80 -4.01279E-05
162 -80 -3.97972E-05
163 -79 -3.86166E-05
164 -78 -3.75336E-05
165 -77 -3.65218E-05
166 -76 -3.55524E-05
167 -75 -3.46266E-05
168 -74 -3.3731E-05
169 -73 -3.28673E-05
170 -72 -3.20337E-05
171 -71 -3.12246E-05
172 -70 -3.04355E-05
173 -69 -2.96679E-05
174 -68 -2.89165E-05
175 -67 -2.81807E-05
176 -66 -2.74669E-05
177 -65 -2.67664E-05
178 -64 -2.60817E-05
179 -63 -2.54084E-05
180 -62 -2.47516E-05
181 -61 -2.41101E-05
182 -60 -2.3477E-05
183 -59 -2.28569E-05
184 -58 -2.22497E-05
185 -57 -2.16539E-05
186 -56 -2.10691E-05
187 -55 -2.04929E-05
188 -54 -1.99302E-05
189 -53 -1.9378E-05
190 -52 -1.88355E-05
191 -51 -1.83052E-05
192 -50 -1.77814E-05
193 -49 -1.72722E-05
194 -48 -1.67676E-05
195 -47 -1.6274E-05
196 -46 -1.57914E-05
197 -45 -1.53144E-05
198 -44 -1.48501E-05
199 -43 -1.43909E-05
200 -42 -1.39404E-05
201 -41 -1.35017E-05
202 -40 -1.30675E-05
203 -39 -1.26423E-05
204 -38 -1.22278E-05
205 -37 -1.18217E-05
206 -36 -1.14189E-05
207 -35 -1.10279E-05
208 -34 -1.06426E-05
209 -33 -1.02675E-05
210 -32 -9.91629E-06
211 -31 -9.63735E-06
212 -30 -9.34074E-06
213 -29 -9.03844E-06
214 -28 -8.73532E-06
215 -27 -8.43463E-06
216 -26 -8.06994E-06
217 -25 -7.72714E-06
218 -24 -7.39614E-06
219 -23 -7.07523E-06
220 -22 -6.76469E-06
221 -21 -6.46073E-06
222 -20 -6.16727E-06
223 -19 -5.88125E-06
224 -18 -5.60164E-06
225 -17 -5.33149E-06
226 -16 -5.06828E-06
227 -15 -4.8128E-06
228 -14 -4.56544E-06
229 -13 -4.32321E-06
230 -12 -4.08999E-06
231 -11 -3.8635E-06
232 -10 -3.64449E-06
233 -9 -3.43392E-06
234 -8 -3.22885E-06
235 -7 -3.03178E-06
236 -6 -2.84138E-06
237 -5 -2.65976E-06
238 -4 -2.48541E-06
239 -3 -2.31774E-06
240 -2 -2.15821E-06
241 -1 -2.00591E-06
242 0 -1.86192E-06
243 1 -1.72379E-06
244 2 -1.59172E-06
245 3 -1.467E-06
246 4 -1.34786E-06
247 5 -1.23524E-06
248 6 -1.12823E-06
249 7 -1.0275E-06
250 8 -9.39368E-07
251 9 -8.7807E-07
252 10 -8.11193E-07
253 11 -7.43639E-07
254 12 -6.7759E-07
255 13 -6.13813E-07
256 14 -5.51826E-07
257 15 -4.92945E-07
258 16 -4.36898E-07
259 17 -3.84422E-07
260 18 -3.35102E-07
261 19 -2.8924E-07
262 20 -2.47346E-07
263 21 -2.08483E-07
264 22 -1.73448E-07
265 23 -1.41831E-07
266 24 -1.13904E-07
267 25 -8.97627E-08
268 26 -6.90724E-08
269 27 -5.15758E-08
270 28 -3.70851E-08
271 29 -2.55695E-08
272 30 -1.69723E-08
273 31 -1.02958E-08
274 32 -6.2436E-09
275 33 -3.3925E-09
276 34 -1.7448E-09
277 35 -1.0339E-09
278 36 -7.603E-10
279 37 -4.754E-10
280 38 -5.319E-10
281 39 -4.646E-10
282 40 -3.46E-10
283 41 -5.116E-10
284 42 -4.278E-10
285 43 -3.896E-10
286 44 -4.116E-10
287 45 -4.529E-10
288 46 -5.869E-10
289 47 -4.563E-10
290 48 -4.879E-10
291 49 -5.058E-10
292 50 -3.167E-10
293 51 -2.709E-10
294 52 -4.635E-10
295 53 -3.566E-10
296 54 -2.919E-10
297 55 -3.91E-10
298 56 -5.236E-10
299 57 -4.827E-10
300 58 -4.361E-10
301 59 -5.512E-10
302 60 -4.569E-10
303 61 -2.845E-10
304 62 -5.028E-10
305 63 -4.098E-10
306 64 -3.852E-10
307 65 -4.808E-10
308 66 -5.168E-10
309 67 -4.737E-10
310 68 -4.855E-10
311 69 -3.286E-10
312 70 -3.844E-10
313 71 -4.497E-10
314 72 -4.103E-10
315 73 -4.777E-10
316 74 -5.145E-10
317 75 -4.719E-10
318 76 -5.362E-10
319 77 -5.761E-10
320 78 -5.11E-10
321 79 -3.953E-10
322 80 -5.358E-10

/* Append 3 */
NO. VG ID
 V A
1 80 -3.1204E-09
2 79 -1.808E-09
3 78 -1.4351E-09
4 77 -1.1259E-09
5 76 -8.928E-10
6 75 -7.266E-10
7 74 -7.644E-10
8 73 -6.065E-10
9 72 -5.006E-10
10 71 -5.463E-10
11 70 -5.355E-10
12 69 -4.711E-10
13 68 -5.01E-10
14 67 -4.717E-10
15 66 -4.913E-10
16 65 -4.064E-10
17 64 -4.141E-10
18 63 -3.749E-10
19 62 -2.288E-10
20 61 -3.485E-10
21 60 -4.109E-10
22 59 -2.959E-10
23 58 -1.908E-10
24 57 -2.792E-10
25 56 -3.744E-10
26 55 -4.658E-10
27 54 -3.311E-10
28 53 -2.16E-10
29 52 -3.312E-10
30 51 -2.106E-10
31 50 -1.458E-10
32 49 -3.838E-10
33 48 -3.557E-10
34 47 -2.729E-10
35 46 -2.495E-10
36 45 -4.044E-10
37 44 -1.0162E-09
38 43 -2.3802E-09
39 42 -5.8815E-09
40 41 -1.20444E-08
41 40 -2.13656E-08
42 39 -3.46044E-08
43 38 -5.18813E-08
44 37 -7.34685E-08
45 36 -9.9897E-08
46 35 -1.3122E-07
47 34 -1.67406E-07
48 33 -2.08572E-07
49 32 -2.5496E-07
50 31 -3.06321E-07
51 30 -3.63056E-07
52 29 -4.2564E-07
53 28 -4.93635E-07
54 27 -5.67838E-07
55 26 -6.47692E-07
56 25 -7.3367E-07
57 24 -8.26134E-07
58 23 -9.25062E-07
59 22 -1.03261E-06
60 21 -1.15975E-06
61 20 -1.2926E-06
62 19 -1.43189E-06
63 18 -1.57832E-06
64 17 -1.73281E-06
65 16 -1.89487E-06
66 15 -2.06616E-06
67 14 -2.24528E-06
68 13 -2.43405E-06
69 12 -2.63102E-06
70 11 -2.83657E-06
71 10 -3.0506E-06
72 9 -3.27215E-06
73 8 -3.503E-06
74 7 -3.73991E-06
75 6 -3.98472E-06
76 5 -4.23757E-06
77 4 -4.49646E-06
78 3 -4.76281E-06
79 2 -5.03429E-06
80 1 -5.3137E-06
81 0 -5.59776E-06
82 -1 -5.88635E-06
83 -2 -6.18306E-06
84 -3 -6.48562E-06
85 -4 -6.79501E-06
86 -5 -7.10823E-06
87 -6 -7.42656E-06
88 -7 -7.75169E-06
89 -8 -8.08024E-06
90 -9 -8.41603E-06
91 -10 -8.75473E-06
92 -11 -9.09861E-06
93 -12 -9.44973E-06
94 -13 -9.80146E-06
95 -14 -1.015994E-05
96 -15 -1.052295E-05
97 -16 -1.088886E-05
98 -17 -1.125966E-05
99 -18 -1.14624E-05
100 -19 -1.18735E-05
101 -20 -1.22704E-05
102 -21 -1.2668E-05
103 -22 -1.30697E-05
104 -23 -1.34693E-05
105 -24 -1.38732E-05
106 -25 -1.42806E-05
107 -26 -1.46894E-05
108 -27 -1.51007E-05
109 -28 -1.55167E-05
110 -29 -1.59354E-05
111 -30 -1.63578E-05
112 -31 -1.6784E-05
113 -32 -1.72152E-05
114 -33 -1.7647E-05
115 -34 -1.80831E-05
116 -35 -1.85241E-05
117 -36 -1.89643E-05
118 -37 -1.94131E-05
119 -38 -1.9863E-05
120 -39 -2.03165E-05
121 -40 -2.07775E-05
122 -41 -2.12411E-05
123 -42 -2.1707E-05
124 -43 -2.21741E-05
125 -44 -2.26492E-05
126 -45 -2.31227E-05
127 -46 -2.36077E-05
128 -47 -2.40914E-05
129 -48 -2.45768E-05
130 -49 -2.50666E-05
131 -50 -2.55616E-05
132 -51 -2.60622E-05
133 -52 -2.65607E-05
134 -53 -2.70728E-05
135 -54 -2.75794E-05
136 -55 -2.80893E-05
137 -56 -2.86085E-05
138 -57 -2.91252E-05
139 -58 -2.96482E-05
140 -59 -3.01735E-05
141 -60 -3.07008E-05
142 -61 -3.12315E-05
143 -62 -3.17645E-05
144 -63 -3.23005E-05
145 -64 -3.28385E-05
146 -65 -3.33798E-05
147 -66 -3.39273E-05
148 -67 -3.44704E-05
149 -68 -3.50208E-05
150 -69 -3.55666E-05
151 -70 -3.612E-05
152 -71 -3.66664E-05
153 -72 -3.72169E-05
154 -73 -3.7777E-05
155 -74 -3.83261E-05
156 -75 -3.8892E-05
157 -76 -3.94432E-05
158 -77 -4.00098E-05
159 -78 -4.0574E-05
160 -79 -4.11328E-05
161 -80 -4.1693E-05
162 -80 -4.13511E-05
163 -79 -4.01258E-05
164 -78 -3.90106E-05
165 -77 -3.79667E-05
166 -76 -3.6969E-05
167 -75 -3.60169E-05
168 -74 -3.50916E-05
169 -73 -3.42028E-05
170 -72 -3.33414E-05
171 -71 -3.25086E-05
172 -70 -3.16934E-05
173 -69 -3.0896E-05
174 -68 -3.01246E-05
175 -67 -2.93679E-05
176 -66 -2.86316E-05
177 -65 -2.79073E-05
178 -64 -2.71981E-05
179 -63 -2.65059E-05
180 -62 -2.5828E-05
181 -61 -2.51637E-05
182 -60 -2.45113E-05
183 -59 -2.38745E-05
184 -58 -2.32492E-05
185 -57 -2.26337E-05
186 -56 -2.20293E-05
187 -55 -2.14368E-05
188 -54 -2.0857E-05
189 -53 -2.02889E-05
190 -52 -1.97274E-05
191 -51 -1.91808E-05
192 -50 -1.86384E-05
193 -49 -1.811E-05
194 -48 -1.75872E-05
195 -47 -1.70802E-05
196 -46 -1.65811E-05
197 -45 -1.60885E-05
198 -44 -1.56067E-05
199 -43 -1.51319E-05
200 -42 -1.46702E-05
201 -41 -1.42155E-05
202 -40 -1.37683E-05
203 -39 -1.33281E-05
204 -38 -1.28999E-05
205 -37 -1.24796E-05
206 -36 -1.20644E-05
207 -35 -1.16606E-05
208 -34 -1.12629E-05
209 -33 -1.08745E-05
210 -32 -1.04931E-05
211 -31 -1.01201E-05
212 -30 -9.77281E-06
213 -29 -9.497E-06
214 -28 -9.20447E-06
215 -27 -8.90757E-06
216 -26 -8.60845E-06
217 -25 -8.31183E-06
218 -24 -7.95044E-06
219 -23 -7.61114E-06
220 -22 -7.28297E-06
221 -21 -6.96507E-06
222 -20 -6.65746E-06
223 -19 -6.35888E-06
224 -18 -6.06791E-06
225 -17 -5.7858E-06
226 -16 -5.51052E-06
227 -15 -5.2441E-06
228 -14 -4.98515E-06
229 -13 -4.73305E-06
230 -12 -4.48878E-06
231 -11 -4.25126E-06
232 -10 -4.02248E-06
233 -9 -3.80093E-06
234 -8 -3.58534E-06
235 -7 -3.37798E-06
236 -6 -3.17757E-06
237 -5 -2.98515E-06
238 -4 -2.8001E-06
239 -3 -2.62224E-06
240 -2 -2.45203E-06
241 -1 -2.28922E-06
242 0 -2.13418E-06
243 1 -1.98532E-06
244 2 -1.84234E-06
245 3 -1.70627E-06
246 4 -1.57615E-06
247 5 -1.45244E-06
248 6 -1.33454E-06
249 7 -1.22279E-06
250 8 -1.11706E-06
251 9 -1.024593E-06
252 10 -9.61563E-07
253 11 -8.92102E-07
254 12 -8.21297E-07
255 13 -7.5176E-07
256 14 -6.8346E-07
257 15 -6.17779E-07
258 16 -5.54819E-07
259 17 -4.95138E-07
260 18 -4.38541E-07
261 19 -3.85604E-07
262 20 -3.36044E-07
263 21 -2.899E-07
264 22 -2.47404E-07
265 23 -2.08495E-07
266 24 -1.73377E-07
267 25 -1.41854E-07
268 26 -1.139E-07
269 27 -8.99998E-08
270 28 -6.91249E-08
271 29 -5.1788E-08
272 30 -3.71561E-08
273 31 -2.57417E-08
274 32 -1.69507E-08
275 33 -1.07833E-08
276 34 -6.4532E-09
277 35 -3.7504E-09
278 36 -1.9899E-09
279 37 -1.1024E-09
280 38 -6.993E-10
281 39 -5.492E-10
282 40 -4.986E-10
283 41 -3.724E-10
284 42 -4.235E-10
285 43 -3.154E-10
286 44 -4.808E-10
287 45 -4.628E-10
288 46 -4.019E-10
289 47 -3.94E-10
290 48 -4.313E-10
291 49 -5.985E-10
292 50 -3.627E-10
293 51 -2.596E-10
294 52 -3.344E-10
295 53 -3.077E-10
296 54 -3.009E-10
297 55 -4.651E-10
298 56 -3.317E-10
299 57 -3.274E-10
300 58 -4.454E-10
301 59 -3.659E-10
302 60 -3.456E-10
303 61 -3.115E-10
304 62 -3.403E-10
305 63 -2.863E-10
306 64 -3.398E-10
307 65 -3.937E-10
308 66 -3.871E-10
309 67 -3.662E-10
310 68 -5.517E-10
311 69 -3.86E-10
312 70 -3.408E-10
313 71 -3.953E-10
314 72 -3.823E-10
315 73 -3.021E-10
316 74 -3.955E-10
317 75 -3.904E-10
318 76 -3.737E-10
319 77 -3.936E-10
320 78 -5.07E-10
321 79 -4.438E-10
322 80 -4.127E-10

/* Append 4 */
NO. VG ID
 V A
1 80 -3.1006E-09
2 79 -1.8665E-09
3 78 -1.2701E-09
4 77 -9.406E-10
5 76 -8.322E-10
6 75 -6.047E-10
7 74 -6.228E-10
8 73 -6.193E-10
9 72 -5.117E-10
10 71 -6.156E-10
11 70 -5.227E-10
12 69 -4.292E-10
13 68 -5.787E-10
14 67 -4.523E-10
15 66 -2.357E-10
16 65 -3.688E-10
17 64 -4.108E-10
18 63 -3.183E-10
19 62 -4.193E-10
20 61 -4.364E-10
21 60 -3.822E-10
22 59 -4.811E-10
23 58 -3.096E-10
24 57 -2.51E-10
25 56 -3.802E-10
26 55 -2.614E-10
27 54 -2.541E-10
28 53 -2.674E-10
29 52 -3.463E-10
30 51 -2.372E-10
31 50 -4.616E-10
32 49 -3.711E-10
33 48 -1.745E-10
34 47 -3.224E-10
35 46 -1.0228E-09
36 45 -2.4622E-09
37 44 -6.0613E-09
38 43 -1.22823E-08
39 42 -2.16223E-08
40 41 -3.47436E-08
41 40 -5.19227E-08
42 39 -7.35741E-08
43 38 -9.9916E-08
44 37 -1.31329E-07
45 36 -1.67628E-07
46 35 -2.08836E-07
47 34 -2.55298E-07
48 33 -3.06946E-07
49 32 -3.64334E-07
50 31 -4.26882E-07
51 30 -4.95135E-07
52 29 -5.69664E-07
53 28 -6.4982E-07
54 27 -7.36324E-07
55 26 -8.28782E-07
56 25 -9.2757E-07
57 24 -1.03567E-06
58 23 -1.16326E-06
59 22 -1.29667E-06
60 21 -1.43599E-06
61 20 -1.58359E-06
62 19 -1.73768E-06
63 18 -1.89939E-06
64 17 -2.06934E-06
65 16 -2.2465E-06
66 15 -2.43307E-06
67 14 -2.62745E-06
68 13 -2.83089E-06
69 12 -3.04195E-06
70 11 -3.26122E-06
71 10 -3.48898E-06
72 9 -3.72372E-06
73 8 -3.9668E-06
74 7 -4.21607E-06
75 6 -4.47177E-06
76 5 -4.73558E-06
77 4 -5.00539E-06
78 3 -5.28175E-06
79 2 -5.5638E-06
80 1 -5.85362E-06
81 0 -6.14663E-06
82 -1 -6.44476E-06
83 -2 -6.75126E-06
84 -3 -7.06275E-06
85 -4 -7.38004E-06
86 -5 -7.70172E-06
87 -6 -8.02872E-06
88 -7 -8.36229E-06
89 -8 -8.70088E-06
90 -9 -9.04471E-06
91 -10 -9.39152E-06
92 -11 -9.74322E-06
93 -12 -1.010096E-05
94 -13 -1.046135E-05
95 -14 -1.082926E-05
96 -15 -1.119929E-05
97 -16 -1.14069E-05
98 -17 -1.18173E-05
99 -18 -1.22146E-05
100 -19 -1.26142E-05
101 -20 -1.30123E-05
102 -21 -1.3412E-05
103 -22 -1.3818E-05
104 -23 -1.42254E-05
105 -24 -1.46359E-05
106 -25 -1.50513E-05
107 -26 -1.54668E-05
108 -27 -1.58886E-05
109 -28 -1.63123E-05
110 -29 -1.67388E-05
111 -30 -1.71714E-05
112 -31 -1.76047E-05
113 -32 -1.80439E-05
114 -33 -1.84829E-05
115 -34 -1.89284E-05
116 -35 -1.93798E-05
117 -36 -1.98335E-05
118 -37 -2.02914E-05
119 -38 -2.07513E-05
120 -39 -2.12146E-05
121 -40 -2.16864E-05
122 -41 -2.21597E-05
123 -42 -2.26344E-05
124 -43 -2.31117E-05
125 -44 -2.35953E-05
126 -45 -2.40805E-05
127 -46 -2.45712E-05
128 -47 -2.50674E-05
129 -48 -2.55621E-05
130 -49 -2.60654E-05
131 -50 -2.65712E-05
132 -51 -2.70822E-05
133 -52 -2.75942E-05
134 -53 -2.81092E-05
135 -54 -2.86264E-05
136 -55 -2.91482E-05
137 -56 -2.96736E-05
138 -57 -3.02018E-05
139 -58 -3.0732E-05
140 -59 -3.12622E-05
141 -60 -3.18011E-05
142 -61 -3.2344E-05
143 -62 -3.28791E-05
144 -63 -3.34301E-05
145 -64 -3.39695E-05
146 -65 -3.45137E-05
147 -66 -3.50696E-05
148 -67 -3.56206E-05
149 -68 -3.61732E-05
150 -69 -3.6731E-05
151 -70 -3.72862E-05
152 -71 -3.78434E-05
153 -72 -3.83991E-05
154 -73 -3.89582E-05
155 -74 -3.95158E-05
156 -75 -4.00794E-05
157 -76 -4.06386E-05
158 -77 -4.12024E-05
159 -78 -4.17716E-05
160 -79 -4.23295E-05
161 -80 -4.28994E-05
162 -80 -4.25358E-05
163 -79 -4.12826E-05
164 -78 -4.01439E-05
165 -77 -3.90647E-05
166 -76 -3.80487E-05
167 -75 -3.70775E-05
168 -74 -3.61358E-05
169 -73 -3.52241E-05
170 -72 -3.43435E-05
171 -71 -3.34922E-05
172 -70 -3.26586E-05
173 -69 -3.1848E-05
174 -68 -3.10577E-05
175 -67 -3.02841E-05
176 -66 -2.95306E-05
177 -65 -2.87912E-05
178 -64 -2.80681E-05
179 -63 -2.7361E-05
180 -62 -2.66705E-05
181 -61 -2.59888E-05
182 -60 -2.53205E-05
183 -59 -2.46691E-05
184 -58 -2.40271E-05
185 -57 -2.33943E-05
186 -56 -2.27766E-05
187 -55 -2.21696E-05
188 -54 -2.15764E-05
189 -53 -2.09923E-05
190 -52 -2.04187E-05
191 -51 -1.9857E-05
192 -50 -1.93038E-05
193 -49 -1.87644E-05
194 -48 -1.82312E-05
195 -47 -1.77088E-05
196 -46 -1.71955E-05
197 -45 -1.66905E-05
198 -44 -1.61978E-05
199 -43 -1.57118E-05
200 -42 -1.52386E-05
201 -41 -1.47733E-05
202 -40 -1.43145E-05
203 -39 -1.38634E-05
204 -38 -1.34255E-05
205 -37 -1.29934E-05
206 -36 -1.25694E-05
207 -35 -1.21554E-05
208 -34 -1.17458E-05
209 -33 -1.13492E-05
210 -32 -1.09589E-05
211 -31 -1.0574E-05
212 -30 -1.01988E-05
213 -29 -9.84883E-06
214 -28 -9.57505E-06
215 -27 -9.28256E-06
216 -26 -8.98356E-06
217 -25 -8.68643E-06
218 -24 -8.38822E-06
219 -23 -8.02647E-06
220 -22 -7.68583E-06
221 -21 -7.35526E-06
222 -20 -7.03903E-06
223 -19 -6.73004E-06
224 -18 -6.42913E-06
225 -17 -6.13851E-06
226 -16 -5.85421E-06
227 -15 -5.57965E-06
228 -14 -5.3126E-06
229 -13 -5.0517E-06
230 -12 -4.80009E-06
231 -11 -4.55428E-06
232 -10 -4.31739E-06
233 -9 -4.08836E-06
234 -8 -3.86513E-06
235 -7 -3.65012E-06
236 -6 -3.4424E-06
237 -5 -3.2416E-06
238 -4 -3.04888E-06
239 -3 -2.86299E-06
240 -2 -2.68498E-06
241 -1 -2.51393E-06
242 0 -2.35103E-06
243 1 -2.19424E-06
244 2 -2.04301E-06
245 3 -1.89942E-06
246 4 -1.76094E-06
247 5 -1.62967E-06
248 6 -1.50339E-06
249 7 -1.38398E-06
250 8 -1.2702E-06
251 9 -1.1617E-06
252 10 -1.05967E-06
253 11 -9.70137E-07
254 12 -9.09812E-07
255 13 -8.42591E-07
256 14 -7.745E-07
257 15 -7.07866E-07
258 16 -6.42535E-07
259 17 -5.79892E-07
260 18 -5.19502E-07
261 19 -4.62527E-07
262 20 -4.08438E-07
263 21 -3.57699E-07
264 22 -3.1062E-07
265 23 -2.66753E-07
266 24 -2.26558E-07
267 25 -1.9001E-07
268 26 -1.56968E-07
269 27 -1.27528E-07
270 28 -1.01637E-07
271 29 -7.94994E-08
272 30 -6.0567E-08
273 31 -4.48733E-08
274 32 -3.21568E-08
275 33 -2.20756E-08
276 34 -1.44496E-08
277 35 -8.9543E-09
278 36 -5.3063E-09
279 37 -2.8633E-09
280 38 -1.6061E-09
281 39 -9.888E-10
282 40 -7.391E-10
283 41 -4.621E-10
284 42 -5.465E-10
285 43 -6.169E-10
286 44 -4.511E-10
287 45 -3.979E-10
288 46 -3.8E-10
289 47 -4.683E-10
290 48 -3.857E-10
291 49 -3.145E-10
292 50 -5.066E-10
293 51 -4.32E-10
294 52 -4.962E-10
295 53 -6.463E-10
296 54 -4.77E-10
297 55 -3.745E-10
298 56 -5.169E-10
299 57 -3.341E-10
300 58 -4.181E-10
301 59 -4.306E-10
302 60 -4.015E-10
303 61 -4.608E-10
304 62 -5.121E-10
305 63 -5.363E-10
306 64 -7.411E-10
307 65 -4.537E-10
308 66 -4.38E-10
309 67 -4.483E-10
310 68 -2.94E-10
311 69 -4.797E-10
312 70 -4.453E-10
313 71 -4.103E-10
314 72 -5.791E-10
315 73 -5.595E-10
316 74 -5.02E-10
317 75 -4.852E-10
318 76 -5.007E-10
319 77 -5.703E-10
320 78 -3.518E-10
321 79 -4.983E-10
322 80 -4.593E-10

/* Append 5 */
NO. VG ID
 V A
1 80 -3.3338E-09
2 79 -1.8427E-09
3 78 -1.3522E-09
4 77 -1.1249E-09
5 76 -8.376E-10
6 75 -8.414E-10
7 74 -6.561E-10
8 73 -5.156E-10
9 72 -5.055E-10
10 71 -4.28E-10
11 70 -3.737E-10
12 69 -4.362E-10
13 68 -4.733E-10
14 67 -4.041E-10
15 66 -3.861E-10
16 65 -4.208E-10
17 64 -3.607E-10
18 63 -2.487E-10
19 62 -2.103E-10
20 61 -3.18E-10
21 60 -1.78E-10
22 59 -2.081E-10
23 58 -2.64E-10
24 57 -2.432E-10
25 56 -2.944E-10
26 55 -2.227E-10
27 54 -1.603E-10
28 53 -1.864E-10
29 52 -2.316E-10
30 51 -1.132E-10
31 50 -1.91E-10
32 49 -2.429E-10
33 48 -2.283E-10
34 47 -4.293E-10
35 46 -1.256E-09
36 45 -3.4094E-09
37 44 -7.622E-09
38 43 -1.46503E-08
39 42 -2.49175E-08
40 41 -3.89666E-08
41 40 -5.70642E-08
42 39 -7.94431E-08
43 38 -1.06513E-07
44 37 -1.38435E-07
45 36 -1.75192E-07
46 35 -2.1689E-07
47 34 -2.63572E-07
48 33 -3.15146E-07
49 32 -3.7252E-07
50 31 -4.34784E-07
51 30 -5.0286E-07
52 29 -5.76876E-07
53 28 -6.56735E-07
54 27 -7.4264E-07
55 26 -8.34263E-07
56 25 -9.32375E-07
57 24 -1.0395E-06
58 23 -1.16583E-06
59 22 -1.29736E-06
60 21 -1.43499E-06
61 20 -1.58037E-06
62 19 -1.732E-06
63 18 -1.89122E-06
64 17 -2.05842E-06
65 16 -2.23222E-06
66 15 -2.41404E-06
67 14 -2.60291E-06
68 13 -2.80107E-06
69 12 -3.00602E-06
70 11 -3.21951E-06
71 10 -3.44191E-06
72 9 -3.67088E-06
73 8 -3.90877E-06
74 7 -4.15286E-06
75 6 -4.40409E-06
76 5 -4.6634E-06
77 4 -4.92739E-06
78 3 -5.19995E-06
79 2 -5.47759E-06
80 1 -5.76341E-06
81 0 -6.05403E-06
82 -1 -6.34912E-06
83 -2 -6.65237E-06
84 -3 -6.96121E-06
85 -4 -7.27687E-06
86 -5 -7.59802E-06
87 -6 -7.92428E-06
88 -7 -8.25804E-06
89 -8 -8.59467E-06
90 -9 -8.93865E-06
91 -10 -9.28608E-06
92 -11 -9.63929E-06
93 -12 -9.99897E-06
94 -13 -1.036264E-05
95 -14 -1.07325E-05
96 -15 -1.110464E-05
97 -16 -1.13606E-05
98 -17 -1.17696E-05
99 -18 -1.21683E-05
100 -19 -1.25702E-05
101 -20 -1.2972E-05
102 -21 -1.33765E-05
103 -22 -1.37868E-05
104 -23 -1.41987E-05
105 -24 -1.46167E-05
106 -25 -1.50387E-05
107 -26 -1.54621E-05
108 -27 -1.58925E-05
109 -28 -1.63235E-05
110 -29 -1.67597E-05
111 -30 -1.72008E-05
112 -31 -1.7645E-05
113 -32 -1.80965E-05
114 -33 -1.85475E-05
115 -34 -1.90052E-05
116 -35 -1.94652E-05
117 -36 -1.99293E-05
118 -37 -2.04008E-05
119 -38 -2.08733E-05
120 -39 -2.13481E-05
121 -40 -2.18317E-05
122 -41 -2.23177E-05
123 -42 -2.28082E-05
124 -43 -2.32989E-05
125 -44 -2.37987E-05
126 -45 -2.43001E-05
127 -46 -2.48069E-05
128 -47 -2.53147E-05
129 -48 -2.5825E-05
130 -49 -2.63469E-05
131 -50 -2.68677E-05
132 -51 -2.7392E-05
133 -52 -2.79196E-05
134 -53 -2.84531E-05
135 -54 -2.8985E-05
136 -55 -2.95217E-05
137 -56 -3.00589E-05
138 -57 -3.06076E-05
139 -58 -3.11539E-05
140 -59 -3.17036E-05
141 -60 -3.2252E-05
142 -61 -3.28069E-05
143 -62 -3.33572E-05
144 -63 -3.39221E-05
145 -64 -3.4479E-05
146 -65 -3.50424E-05
147 -66 -3.56092E-05
148 -67 -3.61679E-05
149 -68 -3.67347E-05
150 -69 -3.73079E-05
151 -70 -3.788E-05
152 -71 -3.84483E-05
153 -72 -3.90211E-05
154 -73 -3.95973E-05
155 -74 -4.01704E-05
156 -75 -4.07462E-05
157 -76 -4.13177E-05
158 -77 -4.18903E-05
159 -78 -4.2463E-05
160 -79 -4.30381E-05
161 -80 -4.362E-05
162 -80 -4.32529E-05
163 -79 -4.19969E-05
164 -78 -4.08526E-05
165 -77 -3.97691E-05
166 -76 -3.87435E-05
167 -75 -3.77584E-05
168 -74 -3.68054E-05
169 -73 -3.58883E-05
170 -72 -3.49933E-05
171 -71 -3.41283E-05
172 -70 -3.32893E-05
173 -69 -3.24689E-05
174 -68 -3.16668E-05
175 -67 -3.0885E-05
176 -66 -3.01184E-05
177 -65 -2.93714E-05
178 -64 -2.86406E-05
179 -63 -2.79227E-05
180 -62 -2.72157E-05
181 -61 -2.65258E-05
182 -60 -2.5848E-05
183 -59 -2.51857E-05
184 -58 -2.4535E-05
185 -57 -2.38958E-05
186 -56 -2.32714E-05
187 -55 -2.26515E-05
188 -54 -2.20471E-05
189 -53 -2.14549E-05
190 -52 -2.08715E-05
191 -51 -2.03002E-05
192 -50 -1.97376E-05
193 -49 -1.91883E-05
194 -48 -1.86427E-05
195 -47 -1.81121E-05
196 -46 -1.75905E-05
197 -45 -1.70769E-05
198 -44 -1.65735E-05
199 -43 -1.60781E-05
200 -42 -1.55975E-05
201 -41 -1.51221E-05
202 -40 -1.46522E-05
203 -39 -1.41938E-05
204 -38 -1.37458E-05
205 -37 -1.33054E-05
206 -36 -1.2872E-05
207 -35 -1.24496E-05
208 -34 -1.20346E-05
209 -33 -1.16282E-05
210 -32 -1.12308E-05
211 -31 -1.08396E-05
212 -30 -1.04588E-05
213 -29 -1.00842E-05
214 -28 -9.73491E-06
215 -27 -9.4628E-06
216 -26 -9.1687E-06
217 -25 -8.87255E-06
218 -24 -8.5736E-06
219 -23 -8.23264E-06
220 -22 -7.88238E-06
221 -21 -7.54729E-06
222 -20 -7.22454E-06
223 -19 -6.91226E-06
224 -18 -6.60743E-06
225 -17 -6.31254E-06
226 -16 -6.02404E-06
227 -15 -5.74668E-06
228 -14 -5.47583E-06
229 -13 -5.21178E-06
230 -12 -4.95654E-06
231 -11 -4.70765E-06
232 -10 -4.46717E-06
233 -9 -4.23501E-06
234 -8 -4.00871E-06
235 -7 -3.79049E-06
236 -6 -3.57927E-06
237 -5 -3.37606E-06
238 -4 -3.17995E-06
239 -3 -2.99071E-06
240 -2 -2.80967E-06
241 -1 -2.63546E-06
242 0 -2.46893E-06
243 1 -2.30834E-06
244 2 -2.15361E-06
245 3 -2.006E-06
246 4 -1.86412E-06
247 5 -1.72952E-06
248 6 -1.59982E-06
249 7 -1.47663E-06
250 8 -1.35957E-06
251 9 -1.2474E-06
252 10 -1.14166E-06
253 11 -1.04095E-06
254 12 -9.53901E-07
255 13 -8.94473E-07
256 14 -8.28178E-07
257 15 -7.62127E-07
258 16 -6.96411E-07
259 17 -6.32744E-07
260 18 -5.7091E-07
261 19 -5.12003E-07
262 20 -4.56118E-07
263 21 -4.02992E-07
264 22 -3.53306E-07
265 23 -3.06811E-07
266 24 -2.63946E-07
267 25 -2.24406E-07
268 26 -1.88514E-07
269 27 -1.56093E-07
270 28 -1.27053E-07
271 29 -1.01428E-07
272 30 -7.95413E-08
273 31 -6.09158E-08
274 32 -4.53514E-08
275 33 -3.25008E-08
276 34 -2.26596E-08
277 35 -1.49373E-08
278 36 -9.427E-09
279 37 -5.5776E-09
280 38 -3.1661E-09
281 39 -1.5449E-09
282 40 -9.237E-10
283 41 -5.52E-10
284 42 -3.49E-10
285 43 -3.722E-10
286 44 -3.855E-10
287 45 -4.644E-10
288 46 -4.381E-10
289 47 -3.667E-10
290 48 -4.398E-10
291 49 -2.829E-10
292 50 -2.851E-10
293 51 -4.088E-10
294 52 -2.799E-10
295 53 -3.829E-10
296 54 -3.18E-10
297 55 -3.904E-10
298 56 -4.328E-10
299 57 -3.09E-10
300 58 -4.93E-10
301 59 -4.417E-10
302 60 -3.853E-10
303 61 -2.958E-10
304 62 -2.214E-10
305 63 -4.062E-10
306 64 -3.063E-10
307 65 -3.456E-10
308 66 -3.475E-10
309 67 -3.812E-10
310 68 -4.044E-10
311 69 -4.506E-10
312 70 -3.662E-10
313 71 -3.782E-10
314 72 -3.652E-10
315 73 -3.978E-10
316 74 -3.284E-10
317 75 -4.005E-10
318 76 -4.15E-10
319 77 -3.857E-10
320 78 -3.637E-10
321 79 -5.105E-10
322 80 -4.407E-10

/* Append 6 */
NO. VG ID
 V A
1 80 -8.763E-10
2 79 -6.507E-10
3 78 -5.728E-10
4 77 -6.515E-10
5 76 -4.523E-10
6 75 -4.026E-10
7 74 -3.458E-10
8 73 -3.352E-10
9 72 -3.983E-10
10 71 -2.949E-10
11 70 -2.992E-10
12 69 -2.728E-10
13 68 -2.313E-10
14 67 -3.532E-10
15 66 -3.267E-10
16 65 -2.63E-10
17 64 -1.61E-10
18 63 -1.42E-10
19 62 -2.549E-10
20 61 -1.108E-10
21 60 -1.347E-10
22 59 -2.403E-10
23 58 -1.903E-10
24 57 -1.918E-10
25 56 -1.933E-10
26 55 -1.203E-10
27 54 -2.096E-10
28 53 -1.173E-10
29 52 -5.82E-11
30 51 -6.42E-11
31 50 -1.593E-10
32 49 -3.069E-10
33 48 -7.522E-10
34 47 -2.2648E-09
35 46 -5.7989E-09
36 45 -1.14574E-08
37 44 -2.04689E-08
38 43 -3.26821E-08
39 42 -4.86581E-08
40 41 -6.90875E-08
41 40 -9.3464E-08
42 39 -1.2276E-07
43 38 -1.57193E-07
44 37 -1.96144E-07
45 36 -2.40167E-07
46 35 -2.89172E-07
47 34 -3.43369E-07
48 33 -4.02839E-07
49 32 -4.6766E-07
50 31 -5.38291E-07
51 30 -6.14392E-07
52 29 -6.96632E-07
53 28 -7.84706E-07
54 27 -8.7919E-07
55 26 -9.79672E-07
56 25 -1.0889E-06
57 24 -1.21849E-06
58 23 -1.3525E-06
59 22 -1.49386E-06
60 21 -1.6414E-06
61 20 -1.79672E-06
62 19 -1.95884E-06
63 18 -2.12833E-06
64 17 -2.3055E-06
65 16 -2.48952E-06
66 15 -2.6823E-06
67 14 -2.88184E-06
68 13 -3.08982E-06
69 12 -3.30672E-06
70 11 -3.53068E-06
71 10 -3.76272E-06
72 9 -4.00122E-06
73 8 -4.24893E-06
74 7 -4.50194E-06
75 6 -4.76185E-06
76 5 -5.02967E-06
77 4 -5.30309E-06
78 3 -5.58523E-06
79 2 -5.87073E-06
80 1 -6.16352E-06
81 0 -6.46359E-06
82 -1 -6.76642E-06
83 -2 -7.07744E-06
84 -3 -7.39442E-06
85 -4 -7.71912E-06
86 -5 -8.04747E-06
87 -6 -8.38129E-06
88 -7 -8.72136E-06
89 -8 -9.06742E-06
90 -9 -9.41934E-06
91 -10 -9.77456E-06
92 -11 -1.013632E-05
93 -12 -1.050268E-05
94 -13 -1.087405E-05
95 -14 -1.125319E-05
96 -15 -1.14678E-05
97 -16 -1.18836E-05
98 -17 -1.22906E-05
99 -18 -1.2696E-05
100 -19 -1.3104E-05
101 -20 -1.35156E-05
102 -21 -1.39297E-05
103 -22 -1.43488E-05
104 -23 -1.47711E-05
105 -24 -1.51949E-05
106 -25 -1.56261E-05
107 -26 -1.60594E-05
108 -27 -1.64994E-05
109 -28 -1.69385E-05
110 -29 -1.73826E-05
111 -30 -1.78333E-05
112 -31 -1.82873E-05
113 -32 -1.8744E-05
114 -33 -1.92059E-05
115 -34 -1.96715E-05
116 -35 -2.01439E-05
117 -36 -2.06164E-05
118 -37 -2.10936E-05
119 -38 -2.15782E-05
120 -39 -2.20626E-05
121 -40 -2.25541E-05
122 -41 -2.30517E-05
123 -42 -2.35472E-05
124 -43 -2.40494E-05
125 -44 -2.45566E-05
126 -45 -2.50675E-05
127 -46 -2.55792E-05
128 -47 -2.60934E-05
129 -48 -2.66123E-05
130 -49 -2.71401E-05
131 -50 -2.76667E-05
132 -51 -2.82003E-05
133 -52 -2.87324E-05
134 -53 -2.92682E-05
135 -54 -2.98095E-05
136 -55 -3.03518E-05
137 -56 -3.09022E-05
138 -57 -3.14462E-05
139 -58 -3.20061E-05
140 -59 -3.25555E-05
141 -60 -3.31154E-05
142 -61 -3.36726E-05
143 -62 -3.42333E-05
144 -63 -3.47974E-05
145 -64 -3.53604E-05
146 -65 -3.59265E-05
147 -66 -3.64932E-05
148 -67 -3.70618E-05
149 -68 -3.76376E-05
150 -69 -3.8205E-05
151 -70 -3.87749E-05
152 -71 -3.93518E-05
153 -72 -3.99228E-05
154 -73 -4.04947E-05
155 -74 -4.10719E-05
156 -75 -4.16458E-05
157 -76 -4.22272E-05
158 -77 -4.28039E-05
159 -78 -4.3382E-05
160 -79 -4.39583E-05
161 -80 -4.45312E-05
162 -80 -4.41598E-05
163 -79 -4.28788E-05
164 -78 -4.17115E-05
165 -77 -4.06093E-05
166 -76 -3.95651E-05
167 -75 -3.85638E-05
168 -74 -3.76009E-05
169 -73 -3.66698E-05
170 -72 -3.57627E-05
171 -71 -3.4886E-05
172 -70 -3.40295E-05
173 -69 -3.31951E-05
174 -68 -3.2388E-05
175 -67 -3.15907E-05
176 -66 -3.08169E-05
177 -65 -3.00534E-05
178 -64 -2.9313E-05
179 -63 -2.85815E-05
180 -62 -2.78644E-05
181 -61 -2.71634E-05
182 -60 -2.64746E-05
183 -59 -2.58032E-05
184 -58 -2.51421E-05
185 -57 -2.4488E-05
186 -56 -2.38532E-05
187 -55 -2.32242E-05
188 -54 -2.26104E-05
189 -53 -2.20053E-05
190 -52 -2.14121E-05
191 -51 -2.08307E-05
192 -50 -2.02565E-05
193 -49 -1.96971E-05
194 -48 -1.91446E-05
195 -47 -1.86033E-05
196 -46 -1.80733E-05
197 -45 -1.75503E-05
198 -44 -1.70384E-05
199 -43 -1.65354E-05
200 -42 -1.60413E-05
201 -41 -1.5558E-05
202 -40 -1.50814E-05
203 -39 -1.46131E-05
204 -38 -1.41577E-05
205 -37 -1.37056E-05
206 -36 -1.32656E-05
207 -35 -1.2835E-05
208 -34 -1.24116E-05
209 -33 -1.19976E-05
210 -32 -1.15913E-05
211 -31 -1.1192E-05
212 -30 -1.08039E-05
213 -29 -1.04209E-05
214 -28 -1.00488E-05
215 -27 -9.70038E-06
216 -26 -9.42595E-06
217 -25 -9.13406E-06
218 -24 -8.83752E-06
219 -23 -8.54032E-06
220 -22 -8.1991E-06
221 -21 -7.84924E-06
222 -20 -7.51604E-06
223 -19 -7.19297E-06
224 -18 -6.88101E-06
225 -17 -6.57786E-06
226 -16 -6.28291E-06
227 -15 -5.9968E-06
228 -14 -5.71899E-06
229 -13 -5.44809E-06
230 -12 -5.18584E-06
231 -11 -4.93107E-06
232 -10 -4.68426E-06
233 -9 -4.44527E-06
234 -8 -4.21291E-06
235 -7 -3.98867E-06
236 -6 -3.77064E-06
237 -5 -3.56164E-06
238 -4 -3.35969E-06
239 -3 -3.16408E-06
240 -2 -2.97665E-06
241 -1 -2.7961E-06
242 0 -2.62395E-06
243 1 -2.45709E-06
244 2 -2.29755E-06
245 3 -2.14436E-06
246 4 -1.99698E-06
247 5 -1.8568E-06
248 6 -1.72171E-06
249 7 -1.59348E-06
250 8 -1.47088E-06
251 9 -1.3539E-06
252 10 -1.2429E-06
253 11 -1.13741E-06
254 12 -1.03778E-06
255 13 -9.50602E-07
256 14 -8.91797E-07
257 15 -8.26382E-07
258 16 -7.6014E-07
259 17 -6.9504E-07
260 18 -6.31404E-07
261 19 -5.70443E-07
262 20 -5.12014E-07
263 21 -4.56052E-07
264 22 -4.03447E-07
265 23 -3.53947E-07
266 24 -3.07919E-07
267 25 -2.65035E-07
268 26 -2.26052E-07
269 27 -1.90279E-07
270 28 -1.57721E-07
271 29 -1.28812E-07
272 30 -1.03159E-07
273 31 -8.13071E-08
274 32 -6.27392E-08
275 33 -4.70289E-08
276 34 -3.41093E-08
277 35 -2.37865E-08
278 36 -1.60161E-08
279 37 -1.01864E-08
280 38 -6.254E-09
281 39 -3.6274E-09
282 40 -1.9203E-09
283 41 -9.934E-10
284 42 -5.3E-10
285 43 -4.141E-10
286 44 -2.82E-10
287 45 -2.354E-10
288 46 -3.786E-10
289 47 -3.865E-10
290 48 -3.473E-10
291 49 -3.574E-10
292 50 -4.281E-10
293 51 -2.899E-10
294 52 -2.411E-10
295 53 -3.176E-10
296 54 -2.922E-10
297 55 -2.552E-10
298 56 -2.66E-10
299 57 -3.994E-10
300 58 -3.553E-10
301 59 -2.394E-10
302 60 -3.93E-10
303 61 -3.695E-10
304 62 -2.274E-10
305 63 -2.93E-10
306 64 -2.579E-10
307 65 -2.455E-10
308 66 -2.304E-10
309 67 -2.187E-10
310 68 -2.789E-10
311 69 -2.529E-10
312 70 -3.021E-10
313 71 -3.012E-10
314 72 -2.808E-10
315 73 -3.043E-10
316 74 -2.641E-10
317 75 -2.764E-10
318 76 -2.952E-10
319 77 -2.508E-10
320 78 -3.496E-10
321 79 -3.138E-10
322 80 -3.018E-10

/* Append 7 */
NO. VG ID
 V A
1 80 -3.332E-09
2 79 -1.8216E-09
3 78 -1.3544E-09
4 77 -9.233E-10
5 76 -8.16E-10
6 75 -7.452E-10
7 74 -6.939E-10
8 73 -5.222E-10
9 72 -5.332E-10
10 71 -5.135E-10
11 70 -4.199E-10
12 69 -3.139E-10
13 68 -3.731E-10
14 67 -2.539E-10
15 66 -2.695E-10
16 65 -3.247E-10
17 64 -2.872E-10
18 63 -3.733E-10
19 62 -3.131E-10
20 61 -2.54E-10
21 60 -2.363E-10
22 59 -1.997E-10
23 58 -9.52E-11
24 57 -2.748E-10
25 56 -2E-10
26 55 -1.668E-10
27 54 -2.149E-10
28 53 -1.613E-10
29 52 -2.672E-10
30 51 -1.721E-10
31 50 -1.255E-10
32 49 -5.534E-10
33 48 -1.2968E-09
34 47 -3.6999E-09
35 46 -8.0134E-09
36 45 -1.50383E-08
37 44 -2.51832E-08
38 43 -3.88477E-08
39 42 -5.60621E-08
40 41 -7.77325E-08
41 40 -1.03794E-07
42 39 -1.34552E-07
43 38 -1.69757E-07
44 37 -2.09802E-07
45 36 -2.54763E-07
46 35 -3.04541E-07
47 34 -3.5976E-07
48 33 -4.19764E-07
49 32 -4.8524E-07
50 31 -5.56473E-07
51 30 -6.3317E-07
52 29 -7.16027E-07
53 28 -8.0471E-07
54 27 -9.00032E-07
55 26 -1.00288E-06
56 25 -1.12506E-06
57 24 -1.25218E-06
58 23 -1.38535E-06
59 22 -1.5261E-06
60 21 -1.67325E-06
61 20 -1.82828E-06
62 19 -1.98987E-06
63 18 -2.1588E-06
64 17 -2.33561E-06
65 16 -2.51957E-06
66 15 -2.71168E-06
67 14 -2.91116E-06
68 13 -3.11819E-06
69 12 -3.33465E-06
70 11 -3.55767E-06
71 10 -3.78962E-06
72 9 -4.02791E-06
73 8 -4.27397E-06
74 7 -4.52739E-06
75 6 -4.78765E-06
76 5 -5.05551E-06
77 4 -5.32866E-06
78 3 -5.60975E-06
79 2 -5.89626E-06
80 1 -6.18882E-06
81 0 -6.48954E-06
82 -1 -6.79298E-06
83 -2 -7.10484E-06
84 -3 -7.42177E-06
85 -4 -7.74683E-06
86 -5 -8.07626E-06
87 -6 -8.41168E-06
88 -7 -8.75389E-06
89 -8 -9.1011E-06
90 -9 -9.45491E-06
91 -10 -9.81233E-06
92 -11 -1.017469E-05
93 -12 -1.054559E-05
94 -13 -1.091833E-05
95 -14 -1.12979E-05
96 -15 -1.152E-05
97 -16 -1.1938E-05
98 -17 -1.23473E-05
99 -18 -1.27566E-05
100 -19 -1.31673E-05
101 -20 -1.35839E-05
102 -21 -1.40021E-05
103 -22 -1.4425E-05
104 -23 -1.48501E-05
105 -24 -1.52807E-05
106 -25 -1.57167E-05
107 -26 -1.61534E-05
108 -27 -1.65984E-05
109 -28 -1.7045E-05
110 -29 -1.74962E-05
111 -30 -1.79526E-05
112 -31 -1.84104E-05
113 -32 -1.88764E-05
114 -33 -1.93422E-05
115 -34 -1.98135E-05
116 -35 -2.02911E-05
117 -36 -2.07739E-05
118 -37 -2.12567E-05
119 -38 -2.17491E-05
120 -39 -2.22428E-05
121 -40 -2.27428E-05
122 -41 -2.32442E-05
123 -42 -2.37495E-05
124 -43 -2.42587E-05
125 -44 -2.47743E-05
126 -45 -2.529E-05
127 -46 -2.58158E-05
128 -47 -2.63418E-05
129 -48 -2.68686E-05
130 -49 -2.74048E-05
131 -50 -2.79386E-05
132 -51 -2.84816E-05
133 -52 -2.90226E-05
134 -53 -2.95721E-05
135 -54 -3.0119E-05
136 -55 -3.06715E-05
137 -56 -3.12281E-05
138 -57 -3.17872E-05
139 -58 -3.23505E-05
140 -59 -3.29106E-05
141 -60 -3.34752E-05
142 -61 -3.40447E-05
143 -62 -3.4605E-05
144 -63 -3.51809E-05
145 -64 -3.5754E-05
146 -65 -3.63277E-05
147 -66 -3.69066E-05
148 -67 -3.74843E-05
149 -68 -3.8065E-05
150 -69 -3.86417E-05
151 -70 -3.92221E-05
152 -71 -3.98014E-05
153 -72 -4.03813E-05
154 -73 -4.09664E-05
155 -74 -4.15492E-05
156 -75 -4.21239E-05
157 -76 -4.27063E-05
158 -77 -4.32844E-05
159 -78 -4.38705E-05
160 -79 -4.44539E-05
161 -80 -4.50384E-05
162 -80 -4.46665E-05
163 -79 -4.33723E-05
164 -78 -4.22018E-05
165 -77 -4.10967E-05
166 -76 -4.00476E-05
167 -75 -3.90346E-05
168 -74 -3.80652E-05
169 -73 -3.71271E-05
170 -72 -3.6213E-05
171 -71 -3.53336E-05
172 -70 -3.4466E-05
173 -69 -3.36288E-05
174 -68 -3.28072E-05
175 -67 -3.20045E-05
176 -66 -3.12204E-05
177 -65 -3.04552E-05
178 -64 -2.97051E-05
179 -63 -2.89687E-05
180 -62 -2.82471E-05
181 -61 -2.75397E-05
182 -60 -2.68445E-05
183 -59 -2.61613E-05
184 -58 -2.54937E-05
185 -57 -2.48354E-05
186 -56 -2.41908E-05
187 -55 -2.35576E-05
188 -54 -2.29377E-05
189 -53 -2.23258E-05
190 -52 -2.17283E-05
191 -51 -2.11383E-05
192 -50 -2.05585E-05
193 -49 -1.99925E-05
194 -48 -1.94333E-05
195 -47 -1.88869E-05
196 -46 -1.83488E-05
197 -45 -1.78182E-05
198 -44 -1.73014E-05
199 -43 -1.67904E-05
200 -42 -1.62913E-05
201 -41 -1.58015E-05
202 -40 -1.53177E-05
203 -39 -1.48438E-05
204 -38 -1.43824E-05
205 -37 -1.39268E-05
206 -36 -1.34813E-05
207 -35 -1.30444E-05
208 -34 -1.26155E-05
209 -33 -1.21952E-05
210 -32 -1.17863E-05
211 -31 -1.1381E-05
212 -30 -1.09875E-05
213 -29 -1.05999E-05
214 -28 -1.02224E-05
215 -27 -9.87036E-06
216 -26 -9.58968E-06
217 -25 -9.29237E-06
218 -24 -8.99221E-06
219 -23 -8.68991E-06
220 -22 -8.39087E-06
221 -21 -8.0273E-06
222 -20 -7.68588E-06
223 -19 -7.35484E-06
224 -18 -7.03675E-06
225 -17 -6.7279E-06
226 -16 -6.42652E-06
227 -15 -6.13551E-06
228 -14 -5.85249E-06
229 -13 -5.57643E-06
230 -12 -5.31051E-06
231 -11 -5.05121E-06
232 -10 -4.80011E-06
233 -9 -4.55731E-06
234 -8 -4.32054E-06
235 -7 -4.09241E-06
236 -6 -3.87134E-06
237 -5 -3.65851E-06
238 -4 -3.45339E-06
239 -3 -3.25413E-06
240 -2 -3.06321E-06
241 -1 -2.88021E-06
242 0 -2.70531E-06
243 1 -2.53491E-06
244 2 -2.37226E-06
245 3 -2.2162E-06
246 4 -2.06615E-06
247 5 -1.92312E-06
248 6 -1.78531E-06
249 7 -1.65459E-06
250 8 -1.52929E-06
251 9 -1.40973E-06
252 10 -1.29637E-06
253 11 -1.18841E-06
254 12 -1.08653E-06
255 13 -9.97437E-07
256 14 -9.36983E-07
257 15 -8.69716E-07
258 16 -8.01692E-07
259 17 -7.34789E-07
260 18 -6.6933E-07
261 19 -6.06599E-07
262 20 -5.46397E-07
263 21 -4.88865E-07
264 22 -4.34396E-07
265 23 -3.83028E-07
266 24 -3.35017E-07
267 25 -2.90323E-07
268 26 -2.49247E-07
269 27 -2.11643E-07
270 28 -1.7738E-07
271 29 -1.46522E-07
272 30 -1.19094E-07
273 31 -9.53858E-08
274 32 -7.4852E-08
275 33 -5.72714E-08
276 34 -4.27174E-08
277 35 -3.0664E-08
278 36 -2.13385E-08
279 37 -1.41652E-08
280 38 -8.9614E-09
281 39 -5.3819E-09
282 40 -2.9675E-09
283 41 -1.5647E-09
284 42 -9.391E-10
285 43 -4.687E-10
286 44 -3.425E-10
287 45 -2.952E-10
288 46 -3.584E-10
289 47 -3.747E-10
290 48 -3.142E-10
291 49 -3.215E-10
292 50 -2.164E-10
293 51 -2.436E-10
294 52 -2.517E-10
295 53 -1.584E-10
296 54 -2.241E-10
297 55 -1.413E-10
298 56 -1.529E-10
299 57 -2.319E-10
300 58 -2.337E-10
301 59 -3.038E-10
302 60 -2.067E-10
303 61 -1.98E-10
304 62 -3.051E-10
305 63 -2.695E-10
306 64 -2.736E-10
307 65 -1.506E-10
308 66 -3.152E-10
309 67 -3.24E-10
310 68 -2.691E-10
311 69 -3.339E-10
312 70 -3.861E-10
313 71 -3.803E-10
314 72 -3.494E-10
315 73 -3.355E-10
316 74 -2.888E-10
317 75 -2.944E-10
318 76 -3.393E-10
319 77 -3.54E-10
320 78 -3.218E-10
321 79 -3.86E-10
322 80 -4.713E-10

/* Append 8 */
NO. VG ID
 V A
1 80 -3.1722E-09
2 79 -1.6182E-09
3 78 -1.1422E-09
4 77 -8.404E-10
5 76 -5.745E-10
6 75 -6.017E-10
7 74 -5.732E-10
8 73 -4.81E-10
9 72 -3.72E-10
10 71 -3.932E-10
11 70 -4.566E-10
12 69 -3.038E-10
13 68 -2.91E-10
14 67 -2.831E-10
15 66 -2.234E-10
16 65 -1.726E-10
17 64 -2.195E-10
18 63 -2.075E-10
19 62 -1.879E-10
20 61 -2.217E-10
21 60 -2.27E-10
22 59 -2.009E-10
23 58 -1.575E-10
24 57 -1.828E-10
25 56 -1.365E-10
26 55 -3.84E-11
27 54 -1.589E-10
28 53 -1.675E-10
29 52 -1.639E-10
30 51 -2.804E-10
31 50 -6.569E-10
32 49 -2.1578E-09
33 48 -5.2336E-09
34 47 -1.06908E-08
35 46 -1.90577E-08
36 45 -3.03618E-08
37 44 -4.55651E-08
38 43 -6.45768E-08
39 42 -8.77784E-08
40 41 -1.15533E-07
41 40 -1.48095E-07
42 39 -1.85521E-07
43 38 -2.27517E-07
44 37 -2.74394E-07
45 36 -3.26611E-07
46 35 -3.83816E-07
47 34 -4.4657E-07
48 33 -5.14433E-07
49 32 -5.88106E-07
50 31 -6.67811E-07
51 30 -7.53296E-07
52 29 -8.45349E-07
53 28 -9.43106E-07
54 27 -1.04972E-06
55 26 -1.17517E-06
56 25 -1.30569E-06
57 24 -1.44326E-06
58 23 -1.58765E-06
59 22 -1.73972E-06
60 21 -1.89854E-06
61 20 -2.06563E-06
62 19 -2.2396E-06
63 18 -2.42162E-06
64 17 -2.61234E-06
65 16 -2.8107E-06
66 15 -3.01802E-06
67 14 -3.2321E-06
68 13 -3.45456E-06
69 12 -3.68558E-06
70 11 -3.9229E-06
71 10 -4.16875E-06
72 9 -4.42156E-06
73 8 -4.68177E-06
74 7 -4.9481E-06
75 6 -5.22002E-06
76 5 -5.50024E-06
77 4 -5.78578E-06
78 3 -6.07917E-06
79 2 -6.3771E-06
80 1 -6.68072E-06
81 0 -6.99207E-06
82 -1 -7.30625E-06
83 -2 -7.62879E-06
84 -3 -7.95747E-06
85 -4 -8.29166E-06
86 -5 -8.63168E-06
87 -6 -8.97693E-06
88 -7 -9.32808E-06
89 -8 -9.68458E-06
90 -9 -1.00462E-05
91 -10 -1.041186E-05
92 -11 -1.078141E-05
93 -12 -1.1159E-05
94 -13 -1.13884E-05
95 -14 -1.18052E-05
96 -15 -1.22085E-05
97 -16 -1.26129E-05
98 -17 -1.30211E-05
99 -18 -1.34313E-05
100 -19 -1.38446E-05
101 -20 -1.42637E-05
102 -21 -1.46847E-05
103 -22 -1.51118E-05
104 -23 -1.55389E-05
105 -24 -1.59712E-05
106 -25 -1.64119E-05
107 -26 -1.68519E-05
108 -27 -1.72989E-05
109 -28 -1.7749E-05
110 -29 -1.8201E-05
111 -30 -1.86618E-05
112 -31 -1.91221E-05
113 -32 -1.95905E-05
114 -33 -2.00591E-05
115 -34 -2.05334E-05
116 -35 -2.10128E-05
117 -36 -2.1495E-05
118 -37 -2.19808E-05
119 -38 -2.24737E-05
120 -39 -2.29679E-05
121 -40 -2.3469E-05
122 -41 -2.39748E-05
123 -42 -2.44799E-05
124 -43 -2.49907E-05
125 -44 -2.55042E-05
126 -45 -2.60228E-05
127 -46 -2.6545E-05
128 -47 -2.70721E-05
129 -48 -2.76004E-05
130 -49 -2.81358E-05
131 -50 -2.86696E-05
132 -51 -2.92085E-05
133 -52 -2.97491E-05
134 -53 -3.02979E-05
135 -54 -3.08471E-05
136 -55 -3.13968E-05
137 -56 -3.19572E-05
138 -57 -3.25126E-05
139 -58 -3.30694E-05
140 -59 -3.36316E-05
141 -60 -3.41924E-05
142 -61 -3.47622E-05
143 -62 -3.53222E-05
144 -63 -3.58959E-05
145 -64 -3.64661E-05
146 -65 -3.70355E-05
147 -66 -3.76118E-05
148 -67 -3.81851E-05
149 -68 -3.87644E-05
150 -69 -3.93402E-05
151 -70 -3.99155E-05
152 -71 -4.04935E-05
153 -72 -4.10728E-05
154 -73 -4.16557E-05
155 -74 -4.22332E-05
156 -75 -4.28063E-05
157 -76 -4.33885E-05
158 -77 -4.39603E-05
159 -78 -4.45447E-05
160 -79 -4.51193E-05
161 -80 -4.5702E-05
162 -80 -4.53108E-05
163 -79 -4.40033E-05
164 -78 -4.28135E-05
165 -77 -4.16902E-05
166 -76 -4.06283E-05
167 -75 -3.96076E-05
168 -74 -3.86254E-05
169 -73 -3.76712E-05
170 -72 -3.67444E-05
171 -71 -3.5851E-05
172 -70 -3.49754E-05
173 -69 -3.41311E-05
174 -68 -3.33032E-05
175 -67 -3.24884E-05
176 -66 -3.16992E-05
177 -65 -3.09224E-05
178 -64 -3.0163E-05
179 -63 -2.9418E-05
180 -62 -2.86861E-05
181 -61 -2.79719E-05
182 -60 -2.72677E-05
183 -59 -2.65807E-05
184 -58 -2.59064E-05
185 -57 -2.52381E-05
186 -56 -2.45902E-05
187 -55 -2.39461E-05
188 -54 -2.33175E-05
189 -53 -2.26993E-05
190 -52 -2.20932E-05
191 -51 -2.15E-05
192 -50 -2.09125E-05
193 -49 -2.03404E-05
194 -48 -1.97755E-05
195 -47 -1.92217E-05
196 -46 -1.86792E-05
197 -45 -1.81445E-05
198 -44 -1.76214E-05
199 -43 -1.71049E-05
200 -42 -1.66006E-05
201 -41 -1.61048E-05
202 -40 -1.56162E-05
203 -39 -1.51365E-05
204 -38 -1.4669E-05
205 -37 -1.42078E-05
206 -36 -1.37553E-05
207 -35 -1.33149E-05
208 -34 -1.28794E-05
209 -33 -1.24546E-05
210 -32 -1.20392E-05
211 -31 -1.16291E-05
212 -30 -1.12299E-05
213 -29 -1.08378E-05
214 -28 -1.04554E-05
215 -27 -1.00801E-05
216 -26 -9.72942E-06
217 -25 -9.45401E-06
218 -24 -9.15933E-06
219 -23 -8.86202E-06
220 -22 -8.5635E-06
221 -21 -8.22097E-06
222 -20 -7.87036E-06
223 -19 -7.53402E-06
224 -18 -7.21095E-06
225 -17 -6.89788E-06
226 -16 -6.59251E-06
227 -15 -6.29673E-06
228 -14 -6.00969E-06
229 -13 -5.72953E-06
230 -12 -5.45945E-06
231 -11 -5.19568E-06
232 -10 -4.94119E-06
233 -9 -4.694E-06
234 -8 -4.45296E-06
235 -7 -4.221E-06
236 -6 -3.9952E-06
237 -5 -3.77829E-06
238 -4 -3.56914E-06
239 -3 -3.36565E-06
240 -2 -3.17081E-06
241 -1 -2.98313E-06
242 0 -2.80383E-06
243 1 -2.62957E-06
244 2 -2.46308E-06
245 3 -2.30299E-06
246 4 -2.14924E-06
247 5 -2.00247E-06
248 6 -1.86116E-06
249 7 -1.72656E-06
250 8 -1.59827E-06
251 9 -1.47541E-06
252 10 -1.35869E-06
253 11 -1.24746E-06
254 12 -1.14251E-06
255 13 -1.04269E-06
256 14 -9.55943E-07
257 15 -8.96784E-07
258 16 -8.30783E-07
259 17 -7.6506E-07
260 18 -6.99629E-07
261 19 -6.36504E-07
262 20 -5.75561E-07
263 21 -5.17004E-07
264 22 -4.61681E-07
265 23 -4.09086E-07
266 24 -3.59861E-07
267 25 -3.13581E-07
268 26 -2.7107E-07
269 27 -2.31957E-07
270 28 -1.9608E-07
271 29 -1.63734E-07
272 30 -1.34556E-07
273 31 -1.08859E-07
274 32 -8.65733E-08
275 33 -6.76641E-08
276 34 -5.14262E-08
277 35 -3.79478E-08
278 36 -2.72509E-08
279 37 -1.87427E-08
280 38 -1.23686E-08
281 39 -7.6885E-09
282 40 -4.692E-09
283 41 -2.7091E-09
284 42 -1.4679E-09
285 43 -8.892E-10
286 44 -5.516E-10
287 45 -3.517E-10
288 46 -4.838E-10
289 47 -3.57E-10
290 48 -3.39E-10
291 49 -2.98E-10
292 50 -3.527E-10
293 51 -3.511E-10
294 52 -3.423E-10
295 53 -3.781E-10
296 54 -4.785E-10
297 55 -3.243E-10
298 56 -4.574E-10
299 57 -4.724E-10
300 58 -3.127E-10
301 59 -3.228E-10
302 60 -4.54E-10
303 61 -2.639E-10
304 62 -3.395E-10
305 63 -2.737E-10
306 64 -4.295E-10
307 65 -3.28E-10
308 66 -2.982E-10
309 67 -4.422E-10
310 68 -3.186E-10
311 69 -3.664E-10
312 70 -2.76E-10
313 71 -2.702E-10
314 72 -3.217E-10
315 73 -1.817E-10
316 74 -3.299E-10
317 75 -3.489E-10
318 76 -2.947E-10
319 77 -3.278E-10
320 78 -3.972E-10
321 79 -4.114E-10
322 80 -3.817E-10

/* Append 9 */
NO. VG ID
 V A
1 80 -3.2583E-09
2 79 -1.7793E-09
3 78 -1.26E-09
4 77 -9.256E-10
5 76 -6.741E-10
6 75 -5.531E-10
7 74 -6.254E-10
8 73 -4.704E-10
9 72 -4.598E-10
10 71 -4.366E-10
11 70 -4.057E-10
12 69 -2.615E-10
13 68 -3.93E-10
14 67 -2.853E-10
15 66 -2.383E-10
16 65 -2.832E-10
17 64 -3.394E-10
18 63 -1.552E-10
19 62 -3.579E-10
20 61 -2.895E-10
21 60 -2.197E-10
22 59 -2.17E-10
23 58 -2.943E-10
24 57 -1.844E-10
25 56 -1.027E-10
26 55 -9.57E-11
27 54 -1.836E-10
28 53 -1.548E-10
29 52 -6.1E-11
30 51 -2.798E-10
31 50 -1.0652E-09
32 49 -2.9651E-09
33 48 -6.8009E-09
34 47 -1.29232E-08
35 46 -2.20579E-08
36 45 -3.42837E-08
37 44 -5.01287E-08
38 43 -7.01888E-08
39 42 -9.40566E-08
40 41 -1.22687E-07
41 40 -1.56052E-07
42 39 -1.9429E-07
43 38 -2.37071E-07
44 37 -2.84841E-07
45 36 -3.37834E-07
46 35 -3.96031E-07
47 34 -4.59673E-07
48 33 -5.285E-07
49 32 -6.02943E-07
50 31 -6.83508E-07
51 30 -7.69952E-07
52 29 -8.62822E-07
53 28 -9.61614E-07
54 27 -1.06952E-06
55 26 -1.1959E-06
56 25 -1.32753E-06
57 24 -1.46597E-06
58 23 -1.61123E-06
59 22 -1.76466E-06
60 21 -1.92484E-06
61 20 -2.09354E-06
62 19 -2.2694E-06
63 18 -2.4536E-06
64 17 -2.64667E-06
65 16 -2.84706E-06
66 15 -3.057E-06
67 14 -3.27387E-06
68 13 -3.49888E-06
69 12 -3.73239E-06
70 11 -3.97254E-06
71 10 -4.22148E-06
72 9 -4.47588E-06
73 8 -4.73906E-06
74 7 -5.00828E-06
75 6 -5.28337E-06
76 5 -5.56648E-06
77 4 -5.85541E-06
78 3 -6.15162E-06
79 2 -6.45334E-06
80 1 -6.76062E-06
81 0 -7.07555E-06
82 -1 -7.39372E-06
83 -2 -7.71877E-06
84 -3 -8.05134E-06
85 -4 -8.39085E-06
86 -5 -8.73421E-06
87 -6 -9.08268E-06
88 -7 -9.43895E-06
89 -8 -9.79876E-06
90 -9 -1.016496E-05
91 -10 -1.053434E-05
92 -11 -1.090944E-05
93 -12 -1.12916E-05
94 -13 -1.15135E-05
95 -14 -1.19369E-05
96 -15 -1.2346E-05
97 -16 -1.27562E-05
98 -17 -1.31695E-05
99 -18 -1.35865E-05
100 -19 -1.40044E-05
101 -20 -1.44288E-05
102 -21 -1.4855E-05
103 -22 -1.52878E-05
104 -23 -1.57213E-05
105 -24 -1.61605E-05
106 -25 -1.66056E-05
107 -26 -1.70523E-05
108 -27 -1.75064E-05
109 -28 -1.79617E-05
110 -29 -1.84194E-05
111 -30 -1.88865E-05
112 -31 -1.93543E-05
113 -32 -1.98287E-05
114 -33 -2.03041E-05
115 -34 -2.07846E-05
116 -35 -2.12712E-05
117 -36 -2.17596E-05
118 -37 -2.22497E-05
119 -38 -2.27518E-05
120 -39 -2.325E-05
121 -40 -2.37588E-05
122 -41 -2.42701E-05
123 -42 -2.47829E-05
124 -43 -2.53002E-05
125 -44 -2.58211E-05
126 -45 -2.63476E-05
127 -46 -2.68785E-05
128 -47 -2.74059E-05
129 -48 -2.79423E-05
130 -49 -2.84843E-05
131 -50 -2.90293E-05
132 -51 -2.95733E-05
133 -52 -3.01183E-05
134 -53 -3.06689E-05
135 -54 -3.12246E-05
136 -55 -3.17835E-05
137 -56 -3.23454E-05
138 -57 -3.29045E-05
139 -58 -3.34739E-05
140 -59 -3.40352E-05
141 -60 -3.46065E-05
142 -61 -3.51779E-05
143 -62 -3.57482E-05
144 -63 -3.63219E-05
145 -64 -3.69006E-05
146 -65 -3.74733E-05
147 -66 -3.80559E-05
148 -67 -3.8633E-05
149 -68 -3.92182E-05
150 -69 -3.97952E-05
151 -70 -4.03727E-05
152 -71 -4.09532E-05
153 -72 -4.15323E-05
154 -73 -4.21212E-05
155 -74 -4.26972E-05
156 -75 -4.32747E-05
157 -76 -4.38626E-05
158 -77 -4.44372E-05
159 -78 -4.50172E-05
160 -79 -4.55933E-05
161 -80 -4.61757E-05
162 -80 -4.57867E-05
163 -79 -4.44715E-05
164 -78 -4.32682E-05
165 -77 -4.21386E-05
166 -76 -4.10691E-05
167 -75 -4.00334E-05
168 -74 -3.90465E-05
169 -73 -3.80871E-05
170 -72 -3.71575E-05
171 -71 -3.62583E-05
172 -70 -3.53722E-05
173 -69 -3.45198E-05
174 -68 -3.36825E-05
175 -67 -3.28641E-05
176 -66 -3.20667E-05
177 -65 -3.12845E-05
178 -64 -3.05168E-05
179 -63 -2.97714E-05
180 -62 -2.90306E-05
181 -61 -2.83124E-05
182 -60 -2.76041E-05
183 -59 -2.69091E-05
184 -58 -2.62272E-05
185 -57 -2.55552E-05
186 -56 -2.48998E-05
187 -55 -2.42514E-05
188 -54 -2.36176E-05
189 -53 -2.29935E-05
190 -52 -2.23823E-05
191 -51 -2.17829E-05
192 -50 -2.1189E-05
193 -49 -2.06113E-05
194 -48 -2.00404E-05
195 -47 -1.94829E-05
196 -46 -1.89345E-05
197 -45 -1.83924E-05
198 -44 -1.78625E-05
199 -43 -1.73399E-05
200 -42 -1.68297E-05
201 -41 -1.633E-05
202 -40 -1.58382E-05
203 -39 -1.5352E-05
204 -38 -1.48803E-05
205 -37 -1.44129E-05
206 -36 -1.39578E-05
207 -35 -1.35105E-05
208 -34 -1.30712E-05
209 -33 -1.26418E-05
210 -32 -1.22216E-05
211 -31 -1.18072E-05
212 -30 -1.1402E-05
213 -29 -1.10039E-05
214 -28 -1.06162E-05
215 -27 -1.02381E-05
216 -26 -9.8824E-06
217 -25 -9.60222E-06
218 -24 -9.30277E-06
219 -23 -9.00073E-06
220 -22 -8.69882E-06
221 -21 -8.3962E-06
222 -20 -8.03428E-06
223 -19 -7.68935E-06
224 -18 -7.35915E-06
225 -17 -7.03853E-06
226 -16 -6.72661E-06
227 -15 -6.42579E-06
228 -14 -6.13319E-06
229 -13 -5.84808E-06
230 -12 -5.57305E-06
231 -11 -5.30405E-06
232 -10 -5.04465E-06
233 -9 -4.7931E-06
234 -8 -4.54873E-06
235 -7 -4.31229E-06
236 -6 -4.08289E-06
237 -5 -3.8623E-06
238 -4 -3.64927E-06
239 -3 -3.44198E-06
240 -2 -3.24336E-06
241 -1 -3.05242E-06
242 0 -2.86937E-06
243 1 -2.69212E-06
244 2 -2.52234E-06
245 3 -2.35947E-06
246 4 -2.2024E-06
247 5 -2.05288E-06
248 6 -1.90897E-06
249 7 -1.772E-06
250 8 -1.64108E-06
251 9 -1.51614E-06
252 10 -1.39756E-06
253 11 -1.28413E-06
254 12 -1.17718E-06
255 13 -1.07505E-06
256 14 -9.86608E-07
257 15 -9.2587E-07
258 16 -8.5835E-07
259 17 -7.9094E-07
260 18 -7.24045E-07
261 19 -6.5941E-07
262 20 -5.97113E-07
263 21 -5.37143E-07
264 22 -4.80425E-07
265 23 -4.26535E-07
266 24 -3.76096E-07
267 25 -3.28892E-07
268 26 -2.8519E-07
269 27 -2.44987E-07
270 28 -2.07871E-07
271 29 -1.74314E-07
272 30 -1.44012E-07
273 31 -1.17258E-07
274 32 -9.4E-08
275 33 -7.40109E-08
276 34 -5.68171E-08
277 35 -4.24199E-08
278 36 -3.06792E-08
279 37 -2.1457E-08
280 38 -1.43027E-08
281 39 -9.0855E-09
282 40 -5.4719E-09
283 41 -3.0378E-09
284 42 -1.712E-09
285 43 -8.622E-10
286 44 -4.413E-10
287 45 -4.641E-10
288 46 -2.365E-10
289 47 -2.594E-10
290 48 -2.627E-10
291 49 -1.973E-10
292 50 -2.724E-10
293 51 -1.698E-10
294 52 -2.6E-10
295 53 -2.571E-10
296 54 -1.466E-10
297 55 -2.807E-10
298 56 -2.671E-10
299 57 -2.557E-10
300 58 -2.612E-10
301 59 -2.121E-10
302 60 -3.066E-10
303 61 -2.2E-10
304 62 -2.232E-10
305 63 -1.965E-10
306 64 -2.326E-10
307 65 -2.657E-10
308 66 -1.848E-10
309 67 -2.798E-10
310 68 -2.828E-10
311 69 -2.278E-10
312 70 -2.613E-10
313 71 -2.5E-10
314 72 -3.207E-10
315 73 -2.215E-10
316 74 -2.148E-10
317 75 -2.62E-10
318 76 -2.628E-10
319 77 -2.806E-10
320 78 -2.079E-10
321 79 -3.043E-10
322 80 -3.902E-10

/* Append 10 */
NO. VG ID
 V A
1 80 -3.1246E-09
2 79 -1.6595E-09
3 78 -1.0841E-09
4 77 -8.558E-10
5 76 -6.07E-10
6 75 -4.577E-10
7 74 -4.93E-10
8 73 -4.158E-10
9 72 -3.667E-10
10 71 -3.01E-10
11 70 -2.719E-10
12 69 -2.681E-10
13 68 -2.602E-10
14 67 -1.834E-10
15 66 -2.831E-10
16 65 -1.684E-10
17 64 -1.515E-10
18 63 -1.121E-10
19 62 -3.79E-11
20 61 -1.365E-10
21 60 -1.226E-10
22 59 -1.338E-10
23 58 -1.905E-10
24 57 -1.59E-10
25 56 -1.681E-10
26 55 -5.44E-11
27 54 -1.271E-10
28 53 -1.133E-10
29 52 -8.34E-11
30 51 -3.834E-10
31 50 -1.4675E-09
32 49 -3.7704E-09
33 48 -8.0978E-09
34 47 -1.49511E-08
35 46 -2.46847E-08
36 45 -3.78656E-08
37 44 -5.47973E-08
38 43 -7.55477E-08
39 42 -1.00909E-07
40 41 -1.30968E-07
41 40 -1.65428E-07
42 39 -2.04739E-07
43 38 -2.48854E-07
44 37 -2.97762E-07
45 36 -3.51936E-07
46 35 -4.11214E-07
47 34 -4.76215E-07
48 33 -5.46371E-07
49 32 -6.22283E-07
50 31 -7.04589E-07
51 30 -7.92378E-07
52 29 -8.86881E-07
53 28 -9.87231E-07
54 27 -1.09662E-06
55 26 -1.22508E-06
56 25 -1.35824E-06
57 24 -1.49913E-06
58 23 -1.64719E-06
59 22 -1.80293E-06
60 21 -1.96576E-06
61 20 -2.13735E-06
62 19 -2.31676E-06
63 18 -2.50426E-06
64 17 -2.70127E-06
65 16 -2.9055E-06
66 15 -3.11909E-06
67 14 -3.33977E-06
68 13 -3.56898E-06
69 12 -3.80617E-06
70 11 -4.05031E-06
71 10 -4.30268E-06
72 9 -4.56089E-06
73 8 -4.82744E-06
74 7 -5.10051E-06
75 6 -5.37995E-06
76 5 -5.66657E-06
77 4 -5.95915E-06
78 3 -6.25931E-06
79 2 -6.5639E-06
80 1 -6.87573E-06
81 0 -7.19418E-06
82 -1 -7.51617E-06
83 -2 -7.84619E-06
84 -3 -8.18166E-06
85 -4 -8.52562E-06
86 -5 -8.87136E-06
87 -6 -9.22357E-06
88 -7 -9.58358E-06
89 -8 -9.94678E-06
90 -9 -1.031707E-05
91 -10 -1.069106E-05
92 -11 -1.106959E-05
93 -12 -1.14268E-05
94 -13 -1.18239E-05
95 -14 -1.22218E-05
96 -15 -1.26223E-05
97 -16 -1.30262E-05
98 -17 -1.34383E-05
99 -18 -1.38512E-05
100 -19 -1.42687E-05
101 -20 -1.46916E-05
102 -21 -1.51175E-05
103 -22 -1.55522E-05
104 -23 -1.5986E-05
105 -24 -1.64267E-05
106 -25 -1.68715E-05
107 -26 -1.73211E-05
108 -27 -1.7776E-05
109 -28 -1.82328E-05
110 -29 -1.86926E-05
111 -30 -1.91629E-05
112 -31 -1.96318E-05
113 -32 -2.01092E-05
114 -33 -2.05849E-05
115 -34 -2.10706E-05
116 -35 -2.15598E-05
117 -36 -2.20515E-05
118 -37 -2.25471E-05
119 -38 -2.30499E-05
120 -39 -2.35545E-05
121 -40 -2.40651E-05
122 -41 -2.45785E-05
123 -42 -2.5096E-05
124 -43 -2.56157E-05
125 -44 -2.61412E-05
126 -45 -2.6669E-05
127 -46 -2.72049E-05
128 -47 -2.77345E-05
129 -48 -2.82718E-05
130 -49 -2.88149E-05
131 -50 -2.93599E-05
132 -51 -2.99116E-05
133 -52 -3.04635E-05
134 -53 -3.1018E-05
135 -54 -3.15782E-05
136 -55 -3.21381E-05
137 -56 -3.27031E-05
138 -57 -3.32666E-05
139 -58 -3.3836E-05
140 -59 -3.44026E-05
141 -60 -3.49712E-05
142 -61 -3.5544E-05
143 -62 -3.61193E-05
144 -63 -3.67009E-05
145 -64 -3.72732E-05
146 -65 -3.78503E-05
147 -66 -3.84308E-05
148 -67 -3.9011E-05
149 -68 -3.95921E-05
150 -69 -4.01777E-05
151 -70 -4.07622E-05
152 -71 -4.13478E-05
153 -72 -4.19327E-05
154 -73 -4.25138E-05
155 -74 -4.30894E-05
156 -75 -4.36752E-05
157 -76 -4.42513E-05
158 -77 -4.48362E-05
159 -78 -4.54168E-05
160 -79 -4.59941E-05
161 -80 -4.65796E-05
162 -80 -4.61844E-05
163 -79 -4.48583E-05
164 -78 -4.36516E-05
165 -77 -4.25164E-05
166 -76 -4.14322E-05
167 -75 -4.03948E-05
168 -74 -3.9399E-05
169 -73 -3.84388E-05
170 -72 -3.75019E-05
171 -71 -3.65956E-05
172 -70 -3.57087E-05
173 -69 -3.48497E-05
174 -68 -3.40064E-05
175 -67 -3.31827E-05
176 -66 -3.23794E-05
177 -65 -3.15918E-05
178 -64 -3.08194E-05
179 -63 -3.00633E-05
180 -62 -2.93204E-05
181 -61 -2.85936E-05
182 -60 -2.78832E-05
183 -59 -2.71837E-05
184 -58 -2.64945E-05
185 -57 -2.58184E-05
186 -56 -2.51573E-05
187 -55 -2.4504E-05
188 -54 -2.38677E-05
189 -53 -2.32396E-05
190 -52 -2.26233E-05
191 -51 -2.20181E-05
192 -50 -2.14203E-05
193 -49 -2.08398E-05
194 -48 -2.02627E-05
195 -47 -1.97005E-05
196 -46 -1.91475E-05
197 -45 -1.8602E-05
198 -44 -1.80684E-05
199 -43 -1.75405E-05
200 -42 -1.70261E-05
201 -41 -1.65207E-05
202 -40 -1.60222E-05
203 -39 -1.55321E-05
204 -38 -1.50543E-05
205 -37 -1.45838E-05
206 -36 -1.41235E-05
207 -35 -1.36722E-05
208 -34 -1.32283E-05
209 -33 -1.27946E-05
210 -32 -1.23695E-05
211 -31 -1.19515E-05
212 -30 -1.15426E-05
213 -29 -1.11412E-05
214 -28 -1.07493E-05
215 -27 -1.03665E-05
216 -26 -1.000589E-05
217 -25 -9.72207E-06
218 -24 -9.41931E-06
219 -23 -9.11452E-06
220 -22 -8.80875E-06
221 -21 -8.50264E-06
222 -20 -8.15726E-06
223 -19 -7.8036E-06
224 -18 -7.4668E-06
225 -17 -7.1412E-06
226 -16 -6.82545E-06
227 -15 -6.5201E-06
228 -14 -6.22374E-06
229 -13 -5.93407E-06
230 -12 -5.6548E-06
231 -11 -5.38318E-06
232 -10 -5.12035E-06
233 -9 -4.86548E-06
234 -8 -4.6167E-06
235 -7 -4.37767E-06
236 -6 -4.14514E-06
237 -5 -3.92139E-06
238 -4 -3.70524E-06
239 -3 -3.49525E-06
240 -2 -3.29415E-06
241 -1 -3.10026E-06
242 0 -2.91471E-06
243 1 -2.73438E-06
244 2 -2.56215E-06
245 3 -2.39712E-06
246 4 -2.23788E-06
247 5 -2.08612E-06
248 6 -1.94036E-06
249 7 -1.8016E-06
250 8 -1.66897E-06
251 9 -1.5422E-06
252 10 -1.42189E-06
253 11 -1.30702E-06
254 12 -1.19861E-06
255 13 -1.09544E-06
256 14 -1.005771E-06
257 15 -9.43465E-07
258 16 -8.7553E-07
259 17 -8.06555E-07
260 18 -7.38449E-07
261 19 -6.7286E-07
262 20 -6.09267E-07
263 21 -5.48356E-07
264 22 -4.90651E-07
265 23 -4.35942E-07
266 24 -3.84645E-07
267 25 -3.36664E-07
268 26 -2.92302E-07
269 27 -2.51221E-07
270 28 -2.13582E-07
271 29 -1.79345E-07
272 30 -1.48597E-07
273 31 -1.21258E-07
274 32 -9.74638E-08
275 33 -7.68837E-08
276 34 -5.93329E-08
277 35 -4.43161E-08
278 36 -3.22209E-08
279 37 -2.24761E-08
280 38 -1.50831E-08
281 39 -9.7914E-09
282 40 -5.8886E-09
283 41 -3.3133E-09
284 42 -1.7816E-09
285 43 -8.192E-10
286 44 -4.811E-10
287 45 -3.311E-10
288 46 -1.641E-10
289 47 -3.268E-10
290 48 -2.574E-10
291 49 -2.786E-10
292 50 -2.496E-10
293 51 -2.645E-10
294 52 -3.103E-10
295 53 -1.99E-10
296 54 -2.233E-10
297 55 -1.761E-10
298 56 -2.357E-10
299 57 -2.188E-10
300 58 -1.69E-10
301 59 -2.48E-10
302 60 -2.613E-10
303 61 -2.343E-10
304 62 -3.149E-10
305 63 -2.331E-10
306 64 -2.639E-10
307 65 -2.203E-10
308 66 -2.467E-10
309 67 -2.346E-10
310 68 -2.109E-10
311 69 -2.389E-10
312 70 -3.475E-10
313 71 -2.373E-10
314 72 -2.665E-10
315 73 -3.577E-10
316 74 -2.171E-10
317 75 -2.568E-10
318 76 -3.564E-10
319 77 -3.253E-10
320 78 -3.329E-10
321 79 -2.799E-10
322 80 -4.136E-10
